[array([ 3.07093083e+00,  1.27469809e+00,  1.61126063e-01, -1.86967774e-05,
        1.87313947e+00, -2.80073041e-01,  9.43109611e-01, -1.26057773e+00]), array([ 3.28768066,  1.47198664, -1.25758276,  0.89096547,  1.69243711,
       -0.55372378,  0.77053211, -0.47109066]), array([ 3.98186166,  0.75160115,  0.35057513, -0.29508798,  3.04821057,
        0.07720635, -0.17578807,  0.35347115]), array([ 3.20108766e+00,  1.54944005e+00, -1.70893166e-04, -1.68227937e-01,
        2.65716587e-01,  7.34656913e-01,  4.24901310e-01, -6.34726900e-01]), array([ 3.58320967e+00,  7.23467384e-03,  3.87338316e-05,  1.79815165e-01,
        2.18009260e+00,  6.40523763e-01, -9.92137006e-01,  9.23275391e-01]), array([ 3.27117597,  1.02836731, -0.02796853,  0.2561593 ,  0.7564137 ,
        0.39779838,  0.89977507, -0.02441052]), array([ 3.39348804e+00,  1.65929919e+00,  1.54984417e-04,  7.43111570e-02,
        1.88392525e+00, -1.72219459e-02,  7.76662356e-01,  1.79694709e-01]), array([ 2.31926870e+00,  1.92104277e+00, -4.64436817e-05, -7.66984302e-01,
        3.21302711e+00,  1.84984945e-04, -6.12284713e-01,  4.71546302e-01]), array([ 2.95577218e+00,  1.45714741e-01,  5.64901921e-01, -1.05658496e-04,
        2.39306293e+00,  7.67697848e-01,  8.31435656e-05, -8.04761616e-03]), array([ 3.49817054e+00,  1.21624838e+00, -2.55372577e-04, -3.23419666e-04,
        1.90825869e+00,  5.80385307e-02,  5.57382889e-04,  4.14070815e-01]), array([ 2.42493774e+00,  1.80913197e+00,  3.41785881e-01, -6.21183040e-01,
        2.99502932e+00, -5.42584298e-02,  6.14329496e-05, -1.24242723e+00]), array([ 3.25992821e+00,  1.27175927e+00,  8.96039431e-01, -3.31312127e-01,
        1.98879054e+00, -6.45571401e-02, -3.69697617e-04,  7.95364097e-02]), array([ 2.70259875e+00,  2.23702229e+00,  9.47468809e-02, -6.02754454e-01,
        1.80349307e+00, -4.75557460e-04, -4.70452644e-02,  4.00972205e-02]), array([ 4.27461240e+00,  1.44169117e+00,  3.34957691e-02,  1.32726122e+00,
        9.14039237e-01,  5.94608406e-01, -8.38974738e-04, -1.29910426e-01]), array([ 2.42671376e+00,  1.31917421e+00, -3.59306756e-02,  4.56083967e-01,
        2.29471780e+00,  2.55427162e-04,  2.18490423e-01,  2.93174450e-02]), array([ 3.90810499e+00,  4.55586247e-01, -1.79357935e-01, -3.70893236e-01,
        2.49242010e+00, -1.49752976e-01, -4.29746632e-01, -2.48032673e-04]), array([ 3.21945171e+00,  2.33166584e+00, -8.41312142e-01,  8.90117074e-05,
        2.98392404e+00, -1.37301594e+00,  1.26152802e-01, -1.63669559e-04]), array([ 3.40500422e+00,  4.43896656e-01,  8.51196167e-04,  1.59094307e-01,
        2.02130429e+00, -3.86445696e-04,  6.87551935e-05,  1.71922760e-04]), array([ 2.67029217e+00,  1.35008544e+00,  3.39537087e-01, -4.49276334e-04,
        2.21882597e+00,  4.29184571e-02, -2.87556759e-01,  8.68951835e-01]), array([ 2.59797260e+00,  7.80770809e-01,  1.01921110e+00,  1.19172764e-01,
        7.76217264e-01,  8.70900355e-01, -1.18068765e-05, -1.27563678e-01]), array([ 2.98602889e+00,  8.80302835e-01,  5.28629150e-04,  1.34308502e-01,
        2.32808091e+00, -1.80671685e-01,  1.66178109e-04, -2.05029241e-01]), array([ 3.57953979e+00,  1.50944196e+00, -5.17841779e-01,  4.16325760e-02,
        2.17988299e+00, -1.01545960e+00,  1.55998028e-04, -7.01333548e-02]), array([ 2.80468229e+00,  7.48816836e-01,  2.02857618e-01,  2.45339389e-01,
        2.38978964e+00, -3.47635667e-05, -4.58031651e-04, -6.95396239e-01]), array([ 2.93989141,  1.42391321,  0.12967222,  0.50572449,  0.86246868,
       -0.45077933,  0.37524878,  0.13125105]), array([ 2.43726229e+00, -3.53885580e-05,  2.07553169e+00, -5.78678954e-04,
        2.26890879e+00, -3.93381527e-01,  1.62543339e-01,  6.17765752e-04]), array([ 3.63483239e+00,  1.29681414e+00,  1.08306091e-04, -1.54289027e-01,
        2.48303197e+00,  1.52878010e-04, -4.71606641e-04,  2.48537858e-01]), array([ 2.34297834e+00,  1.68036672e+00,  9.81452579e-06, -4.22947511e-05,
        2.63703542e+00, -5.72071231e-01, -1.74562047e-01,  9.19120433e-01]), array([ 3.87235072e+00,  1.60724637e+00,  3.36410969e-01,  8.49653335e-04,
        1.39450991e+00,  1.07641935e+00, -1.29604915e+00,  3.84104291e-02]), array([ 2.64173835e+00,  1.57272866e+00,  1.05456772e-01,  9.02068523e-01,
        9.55804590e-01, -2.58910611e-04,  8.86895242e-02, -4.05938803e-01]), array([ 2.18197149e+00,  2.28701274e+00,  4.14054437e-01, -3.12763491e-04,
        1.88201109e+00, -2.91638506e-01, -2.61117598e-01,  1.37287311e-01]), array([ 2.89736489e+00,  1.25526587e+00, -9.58460873e-02,  1.28120490e-01,
        1.48063739e+00, -3.78113175e-01,  1.39946943e-01,  2.47195897e-04]), array([ 3.15505985e+00,  2.01997697e+00, -1.95631499e-04, -1.94826273e-01,
        1.90714692e+00,  2.31666906e-01, -6.86071960e-01,  1.40810325e-06]), array([ 3.55788303e+00,  5.97689481e-01, -1.39725335e-01,  3.50873338e-01,
        1.30140072e+00, -7.88093376e-01,  1.28049003e+00,  2.77609308e-04]), array([ 3.30651906,  1.19986762,  0.50023455,  0.49884714,  1.23263387,
        0.52418983, -0.10109528, -0.36089993]), array([ 2.64715913,  2.15046785, -0.12198761, -0.31896355,  1.66857814,
        0.65386001, -0.41342636,  0.49630463]), array([ 2.14367640e+00,  1.82977465e+00, -3.31241611e-01, -1.01431670e-01,
        1.77892185e+00, -1.02153278e-01,  1.80057018e-01, -1.81968674e-04]), array([ 3.2549965 ,  2.62445278, -0.86604498,  1.483877  ,  2.33409142,
        0.26214245, -0.48160678, -0.24808559]), array([ 3.10992627e+00,  7.64772929e-01, -3.36526133e-04,  2.08612876e-01,
        2.38888269e+00, -1.93414661e-01, -5.24856346e-02, -3.54545508e-01]), array([ 4.62409377,  1.08040823, -0.77450057,  0.46552063,  3.03347708,
       -0.31219594, -0.11435759,  0.0392373 ]), array([ 3.70952567e+00,  1.32818978e-01, -5.79005332e-05,  3.50272380e-02,
        1.93500377e+00,  3.11581963e-02, -1.97026350e-03,  5.32027151e-01]), array([ 3.04798754e+00,  2.54318946e+00, -2.48439257e-05, -8.79407419e-01,
        2.91963271e+00,  7.04977325e-01, -2.67200554e-01,  2.06025230e-01]), array([ 3.29570079e+00,  1.80517420e+00,  1.36581850e-01,  7.92301294e-01,
        1.45806548e+00, -1.35804736e-04, -1.34758777e+00,  1.00560403e+00]), array([ 2.64114233e+00,  1.90383206e+00,  3.68973371e-05, -2.34009324e-01,
        3.50519988e+00,  4.29939810e-05, -7.95367270e-01, -1.54396480e-04]), array([ 2.45455010e+00,  1.66229131e+00, -3.08702526e-02, -1.17466300e-04,
        2.64770007e+00, -3.95984062e-01,  9.90107227e-04, -1.38530705e-04]), array([ 2.72351478e+00,  2.15698381e+00, -9.85221313e-01, -3.96855669e-04,
        2.56516685e+00,  1.09165975e+00, -9.47948198e-01, -1.02780296e-01]), array([ 2.99368227e+00,  4.70629549e-01,  1.08597519e-04,  5.51229843e-01,
        9.03958900e-01,  1.05809357e+00, -2.94965600e-01,  6.32935497e-02]), array([ 3.21942291e+00,  1.97375440e+00, -5.20188713e-01, -3.68200446e-01,
        2.54697529e+00, -3.68554027e-01,  6.08528979e-06, -5.94461831e-01]), array([ 2.74832493,  0.58624036,  1.47165036, -1.21844731,  1.30781793,
       -0.14472391, -0.15973829,  1.16930792]), array([ 2.32167645,  2.22618709, -0.29659174,  0.28123204,  1.1043663 ,
        0.43066238,  0.43698966, -0.83595955]), array([ 3.54379213e+00,  1.29934981e+00, -6.78234658e-01,  4.19071556e-05,
        2.02016328e+00,  8.53515840e-05,  4.23527549e-01, -3.29690961e-01]), array([ 3.42672226e+00,  1.21587606e+00, -5.78488464e-05,  2.11630912e-01,
        1.21439945e+00,  5.22825699e-01,  6.33015862e-04,  2.49591657e-01]), array([ 2.14079288,  3.37710952, -0.0670591 , -1.48816201,  2.46004608,
        0.46683509, -0.80999296, -0.34633111]), array([ 2.87269059e+00,  1.25276923e+00, -1.63466080e-01,  9.62702919e-01,
        8.73662128e-01,  1.36826509e+00,  4.94391298e-05, -2.93812646e-01]), array([ 2.36195373e+00,  2.75305136e+00, -3.78415550e-01, -8.20949633e-05,
        2.81628349e+00,  8.46721401e-03, -1.44095463e+00,  3.74410816e-01]), array([ 3.36345165e+00,  7.38216109e-01, -1.20229550e-05,  1.78274510e-01,
        2.42910799e+00, -5.93091640e-05, -1.03072369e+00,  3.14264372e-01]), array([ 3.03236591,  1.62697497, -0.02895685,  0.10942618,  2.02610135,
       -0.53590374,  0.02364546,  0.82719435]), array([ 2.48993853e+00,  1.58008941e+00, -2.25195653e-01, -6.20635473e-04,
        2.45545187e+00,  8.24264752e-02,  6.43983271e-01, -2.26443043e-04]), array([ 3.94630427e+00,  9.85235040e-01, -3.22233972e-01,  6.35209365e-01,
        1.03151026e+00,  1.98540750e-01,  3.94491896e-01, -3.26626447e-04]), array([ 4.13295813e+00, -2.65559302e-01,  7.38041503e-01,  5.28503543e-03,
        1.34224038e+00, -1.32603150e-04, -1.21734073e-04, -1.10692827e-04]), array([ 2.82708565e+00,  1.54365039e+00,  6.84448042e-01, -7.46471604e-03,
        1.74298181e+00, -2.80114106e-02, -8.91249768e-02,  1.40380322e-04]), array([ 3.36176494e+00,  1.04165535e+00,  2.14635100e-01,  9.78830042e-04,
        2.52982457e+00, -6.62162062e-01, -3.79072289e-02,  9.86711992e-02]), array([ 2.16016414e+00,  2.06327403e+00, -5.76790376e-01,  6.59580504e-01,
        2.38495518e+00, -2.26696729e-04, -2.12306202e-01,  1.06469605e+00]), array([3.03560301, 1.46246918, 0.19048611, 0.42355857, 1.63195797,
       0.53029292, 0.03477123, 0.1600643 ]), array([ 3.18659117e+00,  6.37337712e-01, -1.23533069e+00,  1.49366759e+00,
        1.76462240e+00,  1.13180144e-04,  2.88577851e-01, -1.63073538e-01]), array([ 4.1014914 ,  0.59462405,  1.01820176, -1.10054903,  3.12862903,
       -0.03014838, -0.81740853,  0.35196543]), array([ 2.64976185,  1.29589858,  0.19089429, -1.12256334,  3.75104429,
       -0.49645792, -0.29673095,  0.22117009]), array([ 3.36495105e+00,  1.28695529e+00,  8.90279441e-06,  2.74303792e-01,
        2.23431515e+00, -4.75057305e-01,  1.38393546e-01,  1.54936757e-01]), array([ 3.12875553e+00,  4.92862141e-03,  5.39750845e-01,  2.02480313e-01,
        2.16885048e+00,  6.42840130e-05,  5.09101262e-01, -6.07049580e-05]), array([ 4.28683559,  0.11381079,  1.04234657, -0.43701954,  2.60225677,
       -0.11557464, -0.00647908,  0.04279251]), array([ 3.21193648,  1.23317055, -0.42486877,  1.52695842,  0.32268114,
       -0.0166344 , -0.397332  ,  0.66320336]), array([ 3.21365251,  1.41218242,  0.18147867, -0.0796469 ,  2.45301994,
        0.17332202, -0.60696681, -0.24640592]), array([2.63339796, 2.69124374, 0.03474791, 0.54238705, 1.5074544 ,
       0.58242591, 0.51327547, 0.22877352]), array([ 3.93718258,  1.26158762, -1.19675196,  2.38487436,  2.52639151,
        0.71172349, -0.75546722, -0.18387885]), array([ 2.62090991e+00,  2.47846854e+00,  2.25515374e-01,  1.63284238e-05,
        2.36794810e+00,  2.45642866e-04, -1.61874841e-01,  2.14527403e-01]), array([ 3.53741967e+00,  1.21539475e+00, -2.54292201e-03, -6.95035385e-05,
        1.53364491e+00, -1.88809311e-01,  4.60875270e-01, -5.92760418e-01]), array([ 2.92735411,  2.23655324, -0.36381948, -0.44589264,  1.89792657,
        1.16418877, -0.55380907, -0.06382684]), array([ 2.65251938,  0.36624523,  1.20066679, -0.56036467,  2.69151701,
       -0.34376413,  0.1059996 ,  0.42028101]), array([ 2.55682034e+00,  1.03905183e+00,  2.59929681e-05,  1.51342856e-01,
        1.77659798e+00,  4.66475853e-01, -1.12776478e+00, -2.99132540e-04]), array([ 2.68866557e+00,  2.19970167e+00, -4.79866084e-05, -3.00692477e-01,
        1.75863393e+00, -5.81633633e-02, -3.38848028e-01,  7.16455406e-01]), array([ 2.97082815,  2.03543997,  0.6404381 , -0.55830645,  2.50393506,
       -0.08393014,  0.13849808,  0.57394255]), array([ 3.84182585e+00,  5.13378447e-01,  8.78283801e-01, -4.11808514e-01,
        2.58689616e+00,  4.38509021e-05,  2.17250878e-01, -4.60015312e-04]), array([ 2.66280984e+00,  1.99838490e+00, -2.89781989e-01, -2.81934593e-04,
        1.46618606e+00,  2.53629103e-01,  7.84065851e-05, -3.62219521e-04]), array([ 3.17541946e+00,  8.95679481e-01,  1.28514925e-04, -3.64835445e-02,
        1.30076065e+00,  1.34408313e+00,  3.89853472e-02, -1.00205869e+00]), array([ 2.89368104e+00,  8.44671345e-01, -5.66407882e-05,  5.91652971e-02,
        2.45104857e+00,  2.40900530e-05,  6.00425830e-01, -4.47399036e-01]), array([ 2.77275483e+00,  2.53674015e+00, -1.55881290e-01, -5.22770995e-01,
        2.31822293e+00,  6.31599228e-01,  1.49537782e-04, -1.93404932e-04]), array([ 2.84959840e+00,  2.03991423e+00, -1.27636076e+00,  1.45054826e+00,
        2.73957711e+00,  3.58512193e-01, -8.54430580e-01,  1.88153797e-03]), array([ 3.27273549e+00,  7.18857691e-01, -3.48573795e-05, -1.00553781e-01,
        1.26855524e+00,  4.83783147e-01,  3.46698457e-01, -1.67994061e-04]), array([ 3.26030176,  1.05970405, -0.44325528, -0.27678207,  2.81643974,
       -0.40036465,  0.0968142 , -0.16300534]), array([ 2.97506703e+00,  8.74634859e-01,  1.46474111e+00, -9.79678545e-02,
        2.42477684e+00,  7.38662306e-01, -1.41495739e+00, -8.90044698e-05]), array([ 2.97929281e+00,  2.52952440e+00, -3.31335578e-01,  4.21292289e-01,
        1.33947169e+00,  1.67343424e-03,  7.44030745e-01, -4.12604902e-01]), array([ 3.13048868e+00,  2.49835172e+00, -7.89707300e-01,  1.55543230e+00,
       -9.00529203e-06,  1.09452050e+00, -6.83177928e-01,  1.01773490e+00]), array([ 2.60521012e+00,  1.22143579e+00, -5.34487733e-01,  1.31793221e+00,
        1.57659904e+00, -1.65291285e-04,  2.55817356e-02,  9.18323520e-01]), array([ 2.79477025e+00,  1.52312093e+00, -9.18832192e-02,  3.44158213e-04,
        1.86189506e+00, -1.69416175e-01,  2.11552373e-04,  2.06971983e-01]), array([ 3.13680285e+00,  9.26392215e-01,  4.76150088e-01, -2.20101273e-01,
        2.69145268e+00,  1.48703370e-05,  9.69405058e-02,  1.54004396e-01]), array([ 2.92313834e+00,  8.40989188e-01,  4.28650509e-01, -7.86888794e-01,
        2.28790749e+00, -1.04481442e-03, -3.18152618e-01,  3.79923460e-05]), array([ 3.60634416e+00,  1.65400116e+00,  2.85809138e-04,  1.21104073e+00,
        7.01185463e-01,  9.83886009e-01,  3.42539266e-01, -3.62149513e-01]), array([ 1.84844174e+00,  8.27768862e-01,  1.68286166e-01,  8.01015838e-01,
        1.57111666e+00,  7.59735152e-02, -1.41495528e-05, -3.19328245e-02]), array([ 2.87805350e+00,  1.66005738e+00, -6.01998819e-02,  1.03148197e-04,
        2.63788912e+00, -2.40348184e-01,  5.60108163e-05,  4.99950932e-01]), array([ 2.49665993e+00,  3.03769468e+00, -2.98990467e-01,  3.66668265e-01,
        1.79119829e+00,  2.37057621e-01, -8.48790306e-05, -1.96768124e-01]), array([ 2.80336860e+00,  2.05354777e+00, -4.98947449e-02, -5.34090969e-04,
        1.34746101e+00,  1.29229414e-01,  7.51273552e-01, -7.36975225e-02])]
