[array([ 3.13986917e+00,  1.08686050e+00,  2.84524502e-02,  9.27914338e-05,
        2.25167500e+00,  1.54677557e-01, -1.55347152e-01, -1.42120258e-04]), array([ 3.13239235e+00,  1.15096671e+00, -1.58191287e-04,  1.11346081e-03,
        1.98148141e+00,  1.27451810e-04,  1.01571487e-04,  4.80573833e-02]), array([ 3.06412850e+00,  1.19483788e+00,  2.24800720e-05, -5.88646079e-05,
        1.85570977e+00, -1.04313399e-04, -1.57926147e-03, -2.03115772e-02]), array([ 3.10240047e+00,  1.15894608e+00,  2.89737598e-01,  7.75311427e-05,
        1.65141335e+00,  7.52301698e-02, -1.60610590e-04, -1.19641676e-05]), array([ 3.14425294e+00,  1.36190666e+00,  3.38254221e-01, -5.15384687e-02,
        1.69586381e+00, -3.30869411e-04,  1.03407426e-04,  1.22645112e-01]), array([ 3.02159759e+00,  1.79380141e+00, -1.09419221e-01, -1.99389879e-04,
        2.07162160e+00,  8.53298781e-06,  1.80599006e-04,  3.73069626e-02]), array([ 2.83355677e+00,  1.63734370e+00,  7.54049361e-05,  1.90491340e-01,
        2.10557190e+00, -3.39697278e-02,  2.77415280e-04,  1.65105530e-04]), array([3.11376175e+00, 1.27223193e+00, 1.20378894e-01, 1.63774126e-01,
       1.82602796e+00, 2.40685399e-04, 1.06146418e-01, 2.64062169e-03]), array([ 2.86740358e+00,  1.75960899e+00, -1.11957544e-01, -7.44901725e-05,
        2.20875205e+00, -8.28116729e-05, -1.86021022e-01, -1.27653261e-04]), array([ 2.97841333e+00,  1.22146773e+00,  2.55204499e-04,  4.14877473e-04,
        2.02540588e+00,  6.59520196e-04,  2.10754911e-04, -1.79418137e-04]), array([ 2.85656081e+00,  1.14684190e+00,  2.18752834e-04, -7.16743546e-04,
        1.92723821e+00, -6.98657140e-05, -1.24791511e-04,  1.34790646e-01]), array([ 2.66494767e+00,  1.76628843e+00, -1.62415605e-01, -5.40258718e-01,
        2.48779758e+00, -1.17046164e-04, -4.32894229e-01,  8.82488563e-02]), array([ 3.19375153e+00,  8.80026124e-01,  4.09222489e-01, -1.83462722e-04,
        2.17430785e+00, -9.42391380e-05, -3.16066006e-01,  2.97773556e-05]), array([ 2.90397111e+00,  1.31363088e+00, -2.11111182e-04,  1.10090133e-01,
        2.09992490e+00, -3.64644284e-06,  2.32158777e-01,  6.08036741e-02]), array([ 2.92363988e+00,  1.32123062e+00, -2.14589653e-04, -1.89694932e-01,
        2.05173372e+00, -6.50268505e-05, -3.71913148e-05, -1.49220209e-01]), array([ 2.90548937e+00,  1.72231874e+00, -1.78291105e-01,  5.43039810e-05,
        2.18808189e+00, -2.38435665e-01, -1.16797512e-04, -1.21819695e-04]), array([ 2.91100422e+00,  1.48145720e+00,  6.80819990e-02, -1.71203612e-04,
        1.93715831e+00, -3.39011091e-03, -1.63552208e-02, -1.17483742e-04]), array([ 3.28119917e+00,  1.31323670e+00, -1.00505089e-04,  1.42364651e-01,
        2.11012806e+00, -2.77172337e-05,  9.47707370e-02,  4.86357220e-04]), array([ 3.04246855e+00,  1.10422347e+00,  1.16543079e-05,  2.30183238e-01,
        1.91537546e+00, -3.07195880e-04,  1.16738415e-04, -5.97182713e-05]), array([ 3.08033057e+00,  9.91399139e-01, -4.65959895e-04, -1.05221250e-04,
        1.98730560e+00, -6.57227100e-04,  1.85119516e-01, -2.11225768e-01]), array([ 2.90696919e+00,  8.85004910e-01,  8.14163439e-01,  2.97056666e-04,
        1.59647798e+00, -9.94159471e-05, -2.35144057e-01, -1.42774720e-04]), array([ 2.82802884e+00,  1.46171993e+00,  3.67751116e-02, -1.50675552e-03,
        2.11629748e+00, -5.59939855e-02,  7.10140395e-05, -1.59388182e-01]), array([ 3.03758573e+00,  1.64115026e+00, -2.11533004e-03, -3.32077445e-06,
        1.71926149e+00,  4.86963951e-04,  7.07655344e-02,  1.64785590e-01]), array([ 3.11241721e+00,  1.64377488e+00, -8.02887892e-06,  7.86919973e-05,
        1.81479243e+00, -5.34574836e-02, -1.24289383e-01,  1.04470551e-05]), array([ 2.91711762e+00,  1.69896958e+00, -9.90597487e-02,  2.82586277e-04,
        2.06326418e+00,  5.02559364e-02,  3.24052947e-04,  6.64135133e-05]), array([ 3.21648409e+00,  1.48094763e+00,  1.32676789e-01,  1.70757790e-02,
        2.08645333e+00,  7.89273949e-05,  1.86292591e-04, -2.07222672e-04]), array([ 2.64633154e+00,  2.11721487e+00, -1.70304336e-01,  6.67742977e-05,
        1.90529931e+00, -3.99350164e-04, -1.44122279e-01,  3.76591381e-04]), array([ 2.92166581e+00,  1.63423495e+00,  3.00925458e-05,  4.66225929e-05,
        1.99066435e+00, -8.32477200e-04, -5.70118819e-05,  3.50031948e-01]), array([3.33844007e+00, 1.07661143e+00, 1.54307183e-01, 6.23706530e-02,
       1.84914552e+00, 2.73110137e-05, 3.02195534e-04, 1.70141758e-04]), array([ 2.94750091e+00,  1.45969084e+00, -1.45200771e-04,  3.64019835e-04,
        2.16684135e+00, -1.69420458e-04, -2.38826785e-05, -6.36939568e-05]), array([ 2.71941234e+00,  1.76970942e+00,  2.84318242e-04,  5.64540836e-06,
        2.45467629e+00, -9.26982879e-03,  1.00029016e-04, -2.24917861e-02]), array([ 2.94587126e+00,  1.47577272e+00, -1.34129390e-01, -3.35463312e-04,
        1.99458375e+00, -1.68619059e-05,  5.47176772e-01, -1.00404138e-01]), array([ 3.05607351e+00,  1.33386867e+00,  8.10845632e-05,  1.58855896e-02,
        2.17833287e+00, -1.15102883e-01, -4.04383983e-04,  1.99925408e-01]), array([ 3.16056212e+00,  1.11072334e+00, -2.58380094e-04,  9.70337657e-04,
        1.78768261e+00, -1.47411570e-05,  2.78127711e-01, -7.08015799e-06]), array([2.85793764e+00, 1.38500969e+00, 7.22337830e-05, 3.67231184e-04,
       1.88227330e+00, 1.76719988e-04, 2.94256561e-02, 4.66237442e-04]), array([ 2.72112638e+00,  1.71891347e+00, -1.81785111e-04, -1.37723011e-01,
        2.10505448e+00,  6.83485345e-02, -2.98042416e-04, -6.31959522e-05]), array([ 3.33078666e+00,  1.33442609e+00, -8.28035105e-05, -1.92654296e-04,
        2.16883569e+00,  3.24966698e-04, -1.42428910e-04, -1.82376498e-01]), array([ 3.13449356e+00,  1.23431683e+00,  1.38353294e-04, -4.98555010e-05,
        2.00864033e+00,  9.84565825e-05, -1.23088998e-04,  1.37802733e-01]), array([ 3.05178582e+00,  1.24921582e+00,  9.52267555e-02,  2.79813612e-01,
        1.91383177e+00, -1.16062549e-01,  1.08284468e-05,  1.31280050e-04]), array([ 3.30442392e+00,  1.28349511e+00,  4.22014681e-05,  2.03442439e-04,
        1.83056202e+00, -3.16674907e-01, -2.82557421e-04,  1.44095477e-01]), array([ 2.96479200e+00,  1.28261636e+00,  9.94042817e-02,  6.86734475e-05,
        2.02139029e+00, -9.61459725e-02,  1.80094879e-01,  4.08021894e-05]), array([ 3.25127087e+00,  1.20318269e+00,  2.50198615e-01, -2.24761359e-01,
        1.79109172e+00,  3.86765851e-04, -2.94601702e-01, -3.17513093e-03]), array([ 3.14698168e+00,  1.50652629e+00,  9.66563164e-02,  6.47069916e-02,
        2.03195426e+00, -2.06013650e-05,  4.16342652e-05,  2.73172866e-02]), array([ 2.84737882e+00,  1.15887199e+00,  3.76047095e-01, -3.17214612e-04,
        2.03421470e+00, -6.78540857e-04, -5.87169719e-05, -1.19398422e-04]), array([ 3.04797002e+00,  1.27986761e+00,  1.32223879e-04,  3.67873253e-04,
        1.99239205e+00, -4.16061771e-05, -7.11973966e-03,  1.27809706e-01]), array([ 3.02861385e+00,  1.49832801e+00,  1.32619511e-01,  5.18229853e-05,
        1.82291906e+00, -1.70686018e-01,  2.14220774e-04,  4.40996848e-04]), array([ 3.02691720e+00,  1.50456038e+00, -1.07993884e-01, -7.01915282e-02,
        2.05938033e+00,  1.10511649e-01,  6.39320146e-05, -4.06129117e-04]), array([ 2.98264473e+00,  1.48329983e+00, -1.13300140e-02,  4.48497141e-05,
        2.10407977e+00,  2.78789059e-04,  5.52867033e-07, -2.07316612e-04]), array([ 2.97171263e+00,  1.24392996e+00, -1.60583762e-02,  6.51334895e-04,
        1.95360464e+00,  2.00985494e-06,  3.60086386e-05,  1.59503116e-04]), array([ 3.06493043e+00,  1.40088140e+00, -1.07945792e-04,  5.57769265e-02,
        1.98149471e+00, -1.02229978e-04,  2.95035828e-01, -1.93974030e-01]), array([ 2.93100299e+00,  1.93045743e+00, -6.76010018e-02,  1.34050036e-04,
        1.84414618e+00, -1.55049690e-01,  2.75185847e-01,  2.69983130e-01]), array([ 3.21779592e+00,  1.67103260e+00, -9.34373894e-02,  3.34913557e-03,
        1.69304331e+00,  8.99307206e-02,  4.22029481e-05,  5.64889575e-02]), array([ 2.87829350e+00,  1.78822682e+00, -2.08305377e-01,  2.55993280e-01,
        1.80554605e+00, -3.75074131e-05,  2.95908619e-04, -2.37850617e-05]), array([ 2.86830145e+00,  1.84442440e+00,  6.96626638e-02, -2.40832590e-04,
        2.01361063e+00,  2.02770806e-01,  3.47003154e-04,  1.58668372e-01]), array([ 3.02411332e+00,  1.58882240e+00, -1.73250377e-04,  1.03976122e-04,
        1.84558947e+00, -2.23820964e-04,  4.16530802e-04, -1.06781229e-04]), array([ 3.02821615e+00,  1.45112854e+00,  1.44822873e-01,  7.59448008e-02,
        1.94622971e+00, -1.34276396e-01, -1.93832340e-03, -1.87563254e-04]), array([ 2.93954918e+00,  1.33199668e+00, -7.04967705e-05, -2.51879927e-04,
        2.13664909e+00, -3.84854521e-05,  4.07689024e-02, -4.18174759e-02]), array([ 3.12317277e+00,  1.28353192e+00,  4.64548305e-02,  1.47880417e-01,
        1.81286641e+00, -8.68643475e-05,  6.41894367e-05, -1.12074014e-05]), array([ 3.11572330e+00,  1.24419865e+00,  4.29001308e-02,  2.23289217e-05,
        1.77244432e+00,  5.84020195e-05, -4.06200907e-04, -1.52686208e-01]), array([ 3.06373509e+00,  1.56762573e+00, -8.05187245e-02,  3.30502550e-01,
        1.95010606e+00,  4.35883385e-04,  5.67142974e-05, -1.74903015e-04]), array([ 3.07031517e+00,  1.47102186e+00,  6.59149907e-05, -3.39889341e-04,
        1.85337253e+00, -2.91502642e-04,  9.23539515e-05, -9.90639044e-05]), array([ 2.93924491e+00,  1.59340268e+00,  9.54309375e-05,  2.24596648e-03,
        2.01921134e+00, -3.94513142e-04,  7.20991881e-02, -2.73524884e-05]), array([3.14013411e+00, 1.30408124e+00, 6.53133146e-02, 1.17275312e-01,
       1.69775538e+00, 7.35491702e-02, 4.48750395e-05, 1.48164974e-05]), array([ 3.20109818e+00,  1.34669760e+00,  2.38455701e-04, -3.91666671e-06,
        2.21279497e+00, -4.27930467e-05,  1.03136893e-04, -5.80688733e-04]), array([ 3.14248444e+00,  1.30301799e+00,  2.87266751e-05, -2.93436298e-01,
        2.14205186e+00,  1.61336236e-04, -6.71179955e-03, -1.29797053e-01]), array([ 3.24633546e+00,  1.72500447e+00, -1.74480387e-01,  2.68567775e-04,
        2.38293522e+00, -2.76315513e-02, -6.96983031e-02,  9.67279949e-05]), array([ 3.01081317e+00,  1.59341828e+00,  4.21523937e-02,  4.83610136e-04,
        2.23076925e+00,  1.04494518e-04, -6.55942774e-05, -1.83404010e-02]), array([ 3.39586832e+00,  1.26690792e+00,  2.02950451e-05,  1.26828121e-01,
        2.00775677e+00, -1.07744200e-04,  8.11428385e-02, -2.22643542e-01]), array([ 3.21947008e+00,  1.69838042e+00,  1.02581965e-03,  3.91908015e-04,
        2.02821523e+00, -1.40712147e-02,  4.21441408e-04, -3.18681404e-04]), array([ 2.89104454e+00,  1.34878962e+00, -6.31568973e-04, -1.55998916e-01,
        2.08831288e+00, -1.42097274e-01,  6.86016583e-05,  1.61843875e-04]), array([ 3.33443774e+00,  1.15347013e+00, -1.34083981e-04, -2.36764541e-04,
        2.05444257e+00, -5.86501176e-02, -1.48948214e-04,  3.21224820e-05]), array([ 2.91392625e+00,  1.33943673e+00, -1.31665622e-04, -1.07258075e-02,
        1.99774617e+00, -2.18871808e-04,  5.30927353e-04,  1.88046848e-02]), array([ 3.24218084e+00,  1.27083395e+00, -1.86686952e-04,  1.56232475e-04,
        1.99772594e+00, -1.24983321e-04, -3.72313104e-01, -1.13048777e-05]), array([ 3.23989207e+00,  1.51649761e+00,  2.34207615e-01, -1.40228238e-04,
        1.78487094e+00, -3.30194169e-05, -1.43986062e-01, -1.10963244e-01]), array([ 2.79987399e+00,  1.63591796e+00,  9.70137583e-02,  5.07642810e-02,
        1.91848156e+00,  1.30338225e-03, -2.74113104e-01, -2.20816405e-05]), array([ 2.65794832e+00,  1.51056031e+00,  4.39637591e-02, -1.72502424e-01,
        2.32075711e+00, -1.92765303e-01,  6.96885463e-04, -3.74369918e-05]), array([ 3.04231518e+00,  1.26563123e+00, -3.41343925e-02,  7.70596516e-05,
        2.02717752e+00,  5.40896914e-05, -8.99111166e-03, -2.27932452e-04]), array([ 2.77351349e+00,  1.51852496e+00,  8.50755126e-04,  2.96332287e-04,
        1.84074373e+00,  1.11121707e-01, -2.70197745e-01,  2.03616039e-04]), array([ 3.23589909e+00,  1.47187910e+00, -1.10741628e-02,  6.35302975e-05,
        1.57367813e+00,  3.13878310e-01, -2.31770320e-04, -1.90941233e-01]), array([ 3.12660767e+00,  1.49953223e+00,  2.23842202e-05,  1.17781545e-04,
        2.36231133e+00, -2.21614248e-01,  1.82938429e-02,  2.00786715e-05]), array([ 3.14200117e+00,  1.51539353e+00,  2.53710800e-01, -4.11677114e-05,
        1.89664801e+00,  1.58916244e-04,  1.05574950e-01,  9.57238974e-05]), array([ 2.90806233e+00,  1.46719363e+00,  1.36989162e-01,  2.35419505e-03,
        1.95836459e+00, -3.90689276e-04,  9.58387028e-05, -5.77413669e-05]), array([ 2.77765540e+00,  1.35757807e+00,  9.71108193e-05, -1.05413885e-04,
        1.93460101e+00, -2.21760267e-04,  5.56958339e-04, -2.54901935e-05]), array([ 2.94508752e+00,  1.40977219e+00,  4.05046344e-01, -1.09815955e-05,
        1.92187838e+00, -2.44513287e-02, -2.13568279e-01, -3.60245754e-04]), array([ 3.31492921e+00,  1.01972631e+00,  1.53941084e-01, -2.37915868e-01,
        2.28273862e+00, -1.67063680e-02, -9.82699051e-04,  1.76036723e-04]), array([ 2.95569028e+00,  9.21424525e-01,  5.94689895e-01,  7.46137106e-02,
        1.70562735e+00, -2.13931864e-04,  4.35765298e-04,  3.88686368e-01]), array([ 3.04977872e+00,  1.41897720e+00,  1.24524592e-03,  5.10190583e-04,
        2.07927848e+00, -2.27429609e-01,  1.68810412e-04,  1.12784403e-01]), array([ 3.30079921e+00,  1.29034321e+00, -7.61551967e-06, -1.72823035e-02,
        2.10300749e+00,  7.08567653e-04,  4.71592217e-02,  3.28152302e-03]), array([ 2.93812075e+00,  1.40220518e+00,  4.45895729e-04, -2.83059413e-01,
        2.48284016e+00, -1.28142245e-01, -4.83777927e-04, -9.16248195e-02]), array([ 2.99952463e+00,  1.44891887e+00, -7.33877469e-05, -6.00094917e-04,
        2.13304204e+00,  6.08313379e-05, -8.62355210e-02, -5.55117369e-05]), array([ 3.00144652e+00,  1.69771616e+00, -7.73703061e-05, -2.70047782e-01,
        2.16702536e+00, -4.28940568e-05,  7.32145115e-02,  2.04472265e-04]), array([ 2.94226037e+00,  1.17894750e+00,  2.67691696e-01,  1.96313719e-04,
        2.13025259e+00, -3.09103674e-01,  1.26807944e-01, -7.36801031e-05]), array([ 2.92403634e+00,  1.67927435e+00,  1.06711504e-05, -3.39684388e-02,
        1.97535188e+00, -3.78637579e-05, -5.92056393e-04, -1.31381463e-01]), array([ 2.96961130e+00,  1.38981249e+00,  7.67774676e-02,  1.08649262e-03,
        1.68061335e+00, -5.53610157e-06,  7.20576602e-02,  3.51661032e-01]), array([ 3.20594958e+00,  9.49618751e-01, -2.18300824e-03,  2.66676809e-05,
        2.02250935e+00, -1.05156133e-02, -5.79891450e-04,  4.26138960e-02]), array([ 2.95334022e+00,  1.49312890e+00, -2.74091008e-04, -7.40448023e-05,
        1.96654925e+00,  1.87125819e-02, -2.80002551e-02, -2.66500718e-04]), array([ 2.87925309e+00,  1.25610919e+00,  1.34760472e-01,  1.55299967e-05,
        2.03697338e+00, -1.06499744e-04, -1.28435009e-05,  1.68281249e-01]), array([ 3.21872787e+00,  1.64912576e+00, -7.59281277e-03, -1.88831443e-01,
        1.95870884e+00,  9.04031899e-03, -1.93943426e-04, -5.73205692e-02]), array([ 3.34035198e+00,  1.26021892e+00,  1.79040861e-01,  3.42993469e-04,
        1.73123724e+00,  1.66972176e-01,  3.93220188e-05, -1.55988454e-04]), array([ 2.78280203e+00,  1.94290018e+00,  5.67410387e-02, -1.48438193e-06,
        1.95303560e+00,  1.63400089e-04,  1.42136142e-05, -8.57151488e-02])]
