[array([ 3.0573075 ,  1.08237931,  0.21410502, -0.03166256,  2.16169717,
        0.26316866, -0.35791617,  0.08374961]), array([ 2.92666176,  1.30661613,  0.04279875,  0.17655421,  1.8645774 ,
        0.05563587, -0.08261619,  0.19648345]), array([ 2.95098107e+00,  1.24406442e+00, -2.81726811e-02,  1.76384095e-01,
        1.78852721e+00, -2.07637877e-03, -2.06394090e-01, -7.20799288e-02]), array([ 2.97029642,  1.1381381 ,  0.45174297,  0.00825666,  1.58646844,
        0.24677649, -0.16767926,  0.0157756 ]), array([ 3.03260184,  1.25912649,  0.48046694, -0.15238705,  1.63717238,
       -0.03448527,  0.04778191,  0.23578763]), array([ 2.94991894,  1.83261309, -0.29947696,  0.13809948,  1.95486184,
        0.04165303,  0.01857597,  0.11722278]), array([ 2.74017346e+00,  1.72546165e+00, -6.42792008e-02,  3.34394509e-01,
        2.10225435e+00, -2.06350466e-01, -5.96310142e-03, -1.05593040e-03]), array([2.81844393e+00, 1.55712838e+00, 1.50893304e-01, 2.73879222e-01,
       1.62841041e+00, 5.35056078e-04, 1.50807019e-01, 1.91985370e-01]), array([ 2.78832974,  1.65221055, -0.17427427, -0.03122521,  2.10145186,
        0.21778489, -0.40977392, -0.06236509]), array([2.84229832e+00, 1.28913969e+00, 1.17717486e-01, 3.77964602e-02,
       1.76939053e+00, 7.77527245e-02, 1.81378554e-03, 1.20170572e-01]), array([ 2.62453313,  1.09718128,  0.13399618, -0.10450102,  1.81595725,
        0.04934104, -0.02504668,  0.44189365]), array([ 2.62855538,  1.78025323, -0.23852853, -0.53786591,  2.45702989,
        0.02466113, -0.59990428,  0.28014191]), array([ 3.14258774,  0.92747827,  0.4660632 ,  0.09447202,  2.01817982,
        0.03724115, -0.51909846,  0.2525165 ]), array([ 2.73280395,  1.44998017, -0.12117244,  0.3367569 ,  1.84900333,
        0.06977362,  0.24112307,  0.17330997]), array([ 2.74230525,  1.39068033, -0.02871458, -0.33510233,  2.05852785,
       -0.11360383,  0.10118772, -0.29060008]), array([ 2.82447366,  1.76182168, -0.35188706,  0.19608868,  2.09519436,
       -0.32880266,  0.0266377 , -0.0381008 ]), array([ 2.7694802 ,  1.44755849,  0.22128945, -0.01277262,  1.86695097,
       -0.07044597, -0.14169041,  0.19059981]), array([ 3.12102443,  1.42943138, -0.10125924,  0.3514089 ,  1.96371072,
        0.08908356,  0.1647584 ,  0.00761397]), array([ 2.98644348,  1.19144741, -0.16851358,  0.51267478,  1.86040445,
       -0.14497976,  0.14364067, -0.10500524]), array([ 2.89996846,  1.15544554, -0.09535279,  0.07644235,  1.98433581,
       -0.18438409,  0.53897898, -0.32212817]), array([ 2.78336732,  0.94130073,  0.87644684,  0.1293314 ,  1.45029892,
        0.14640538, -0.3468028 , -0.03600641]), array([ 2.65332746,  1.47639511,  0.2788299 , -0.17300304,  2.06405897,
       -0.12764918,  0.10547883, -0.31565876]), array([ 2.94571649,  1.70273714, -0.11031032,  0.17207372,  1.62006726,
       -0.00916653,  0.17406264,  0.15180166]), array([ 2.99908945,  1.66406106,  0.03298916,  0.13933304,  1.72537525,
       -0.09641694, -0.35940843,  0.11585379]), array([ 2.7790709 ,  1.81451045, -0.47799716,  0.26169344,  1.84604803,
        0.21203328,  0.06155499,  0.0389886 ]), array([ 3.11300083,  1.43919084,  0.25229226,  0.16137471,  1.96582601,
       -0.01972865,  0.04609018, -0.03951798]), array([ 2.59965848,  2.16334396, -0.28067125,  0.14101964,  1.88917412,
       -0.03693537, -0.27569197,  0.17914123]), array([ 2.89273919,  1.65522633, -0.04651912,  0.00885009,  1.93076922,
        0.03972732, -0.16911624,  0.47842179]), array([ 3.15139695,  1.09905822,  0.27495355,  0.09228334,  1.69623502,
        0.03469654, -0.0919211 ,  0.21745293]), array([ 2.87911076,  1.48388456,  0.08324178,  0.07121236,  2.16110209,
       -0.09980244,  0.14001277, -0.12021882]), array([ 2.55908587,  1.84271113, -0.09758838,  0.17784272,  2.48278272,
       -0.21396631,  0.18228792, -0.30439466]), array([ 2.83983805,  1.47353904, -0.24800172,  0.0433438 ,  1.94778698,
       -0.05791043,  0.68289359, -0.20355219]), array([ 2.94029184,  1.42809549, -0.14228746,  0.18650291,  2.0176114 ,
       -0.21886991,  0.00331257,  0.38814759]), array([ 2.92835668,  1.2601176 , -0.26754043,  0.1261313 ,  1.59146284,
        0.05190825,  0.49780794,  0.01866466]), array([ 2.71109689,  1.48098863, -0.06253669,  0.02612762,  1.69639578,
        0.20779866,  0.063493  ,  0.12800111]), array([ 2.60051979e+00,  1.73030247e+00,  1.24492574e-03, -2.84595789e-01,
        2.04585467e+00,  2.30158396e-01, -1.04651700e-01,  8.41842740e-02]), array([ 3.17508802,  1.40861343, -0.03696917, -0.07202116,  2.20466014,
        0.08469918, -0.10777318, -0.23533984]), array([ 3.06022567,  1.26233151,  0.00706383, -0.05549742,  1.83561612,
        0.22026713, -0.09336918,  0.1557922 ]), array([ 3.01981752,  1.19971542,  0.17144774,  0.45988199,  1.76235357,
       -0.12724252, -0.17163473,  0.23259155]), array([ 3.19651   ,  1.30185642,  0.05356142, -0.06712932,  1.84651784,
       -0.4217195 , -0.13462524,  0.36690579]), array([ 2.86409565,  1.28028144,  0.330389  , -0.05149437,  1.90280755,
       -0.19180408,  0.31428928, -0.01851151]), array([ 3.17884533,  1.20670714,  0.38315759, -0.39702301,  1.68941317,
        0.16557174, -0.35407061, -0.15158828]), array([ 2.93235845,  1.56710504,  0.1752842 ,  0.16297907,  1.95556092,
        0.07856982, -0.10257927,  0.24321441]), array([ 2.71452584,  1.05999362,  0.72825403, -0.20681517,  2.02071689,
       -0.15539373, -0.11852136,  0.08667836]), array([ 2.94034043,  1.2864011 ,  0.01503401,  0.12892291,  1.78361997,
        0.25135222, -0.28172741,  0.26048986]), array([ 2.90271464,  1.44138125,  0.2011141 ,  0.07271783,  1.76637569,
       -0.31504484,  0.12541208,  0.01535648]), array([ 2.98460821,  1.52844328, -0.17020515, -0.18043615,  1.90117385,
        0.35353828, -0.02727428, -0.12774714]), array([ 2.92408899e+00,  1.70340363e+00, -2.04168553e-01,  9.33498223e-02,
        1.96397658e+00,  9.59405927e-02, -2.80862676e-03, -1.29533483e-02]), array([ 2.91453336,  1.34960244, -0.30795693,  0.26314374,  1.93295505,
       -0.18077627, -0.12286494,  0.25588477]), array([ 2.85981039,  1.48010604, -0.02997738,  0.38131681,  1.67506716,
        0.19727349,  0.43588833, -0.404226  ]), array([ 2.80167596,  1.99118402, -0.11657852, -0.02659525,  1.85260235,
       -0.29371969,  0.40801874,  0.35281644]), array([ 3.16388911,  1.63075697, -0.41475962,  0.48640711,  1.43144299,
        0.24296684, -0.23146342,  0.28539424]), array([ 2.78267725,  1.85702544, -0.43759522,  0.64966011,  1.61581187,
        0.0189231 ,  0.20329956, -0.08393699]), array([ 2.81555062,  1.72663012,  0.26879934, -0.02116431,  1.91514542,
        0.31862134, -0.04151324,  0.20416317]), array([ 2.94972591e+00,  1.60455041e+00,  2.28069123e-03,  5.09974898e-02,
        1.75599391e+00, -1.20103140e-01,  1.24292926e-01, -1.45134461e-01]), array([ 2.84416887,  1.49590798,  0.39812952,  0.06635618,  2.02822967,
       -0.27693032, -0.06830222, -0.02082562]), array([ 2.85373975,  1.32759858,  0.09843465, -0.01999355,  2.01983501,
       -0.15917905,  0.42697563, -0.31543333]), array([ 2.8789714 ,  1.37496886,  0.17792578,  0.29288549,  1.82248303,
       -0.20278085,  0.06514728, -0.01569732]), array([ 2.94465391,  1.23509596,  0.29334392, -0.25849705,  1.7627596 ,
        0.12109623, -0.04529825, -0.11256823]), array([ 3.1009239 ,  1.6205373 , -0.39240762,  0.6079631 ,  1.69058794,
        0.16204321, -0.05732788,  0.06153189]), array([ 3.03003427,  1.38605656,  0.15493447, -0.19739733,  1.90576824,
       -0.0196321 , -0.12478926,  0.09575309]), array([ 2.88909273,  1.49946498,  0.04539134,  0.34266853,  1.87488616,
       -0.22576146,  0.33494859, -0.03137526]), array([ 2.97102748,  1.19148627,  0.24815935,  0.25894568,  1.38289996,
        0.39517408, -0.1301886 , -0.06699226]), array([ 3.02207615,  1.43739413,  0.01090438, -0.07460786,  2.18936651,
        0.02195135,  0.04508721, -0.12331216]), array([ 3.07778363,  1.18033947,  0.1992906 , -0.40902908,  2.1946201 ,
       -0.09689623, -0.01146652, -0.24546773]), array([ 3.15226221,  1.86674387, -0.41563971,  0.23660314,  2.32345472,
       -0.03882287, -0.31820705,  0.18473405]), array([ 2.78997552,  1.61986688,  0.153467  ,  0.1672375 ,  2.15579538,
       -0.27119092,  0.05199403, -0.04630807]), array([ 3.27080046,  1.37569779,  0.10333365,  0.30811446,  1.85248771,
       -0.21435197,  0.36910808, -0.37882278]), array([ 3.0780909 ,  1.58439974,  0.13926951,  0.14318026,  1.8961915 ,
       -0.28903651,  0.40587682, -0.15963581]), array([ 2.80860182,  1.41956677, -0.14891563, -0.24444335,  2.22360593,
       -0.24567686, -0.01028177,  0.06480563]), array([ 3.23009113e+00,  1.24541911e+00,  3.98807892e-03, -2.46311643e-03,
        2.00238377e+00, -1.58798649e-01,  1.14684207e-01, -8.29292301e-03]), array([ 2.80456413e+00,  1.44956771e+00, -7.14725757e-04, -1.48216787e-01,
        2.00165810e+00, -2.11769460e-02,  5.00328363e-02,  9.14821826e-02]), array([ 3.12564049,  1.31479369,  0.01635832,  0.04289731,  1.92436246,
        0.10683279, -0.4881812 , -0.00987568]), array([ 3.1386787 ,  1.48867502,  0.40358122, -0.07152138,  1.79262114,
        0.05609619, -0.17935579, -0.17546514]), array([ 2.72838165,  1.56801845,  0.3566253 ,  0.20261815,  1.65664517,
        0.3549685 , -0.50375234, -0.00681271]), array([ 2.54977271,  1.4152222 ,  0.19047377, -0.29549801,  2.29617235,
       -0.34243563,  0.28103214, -0.01512972]), array([ 2.93497202,  1.39442646, -0.2577981 ,  0.24300562,  1.86552108,
        0.14904352, -0.04804268, -0.03962693]), array([ 2.62320368,  1.50960786,  0.1525732 ,  0.05088255,  1.64308862,
        0.31588176, -0.43719969,  0.0758414 ]), array([ 3.09027718,  1.69335201, -0.38509746,  0.22729108,  1.44969632,
        0.50993564, -0.0295816 , -0.36660153]), array([ 3.01877616,  1.42326515,  0.12082558,  0.03398408,  2.23163219,
       -0.36464007,  0.22014286, -0.10264776]), array([3.02506824, 1.50232686, 0.42837575, 0.12337417, 1.76055859,
       0.03729097, 0.15558244, 0.0538258 ]), array([ 2.79675485,  1.52259825,  0.19797474,  0.09629915,  1.79976919,
        0.03311059, -0.1183824 ,  0.01357038]), array([ 2.61633774,  1.38426154,  0.18450632, -0.11148886,  1.95028752,
        0.04403756,  0.02162763, -0.07222552]), array([ 2.79280672,  1.37506617,  0.51764773,  0.12257541,  1.88806317,
       -0.1760501 , -0.25441812, -0.1383061 ]), array([ 3.1995877 ,  1.0293726 ,  0.28608638, -0.32228459,  2.29984154,
       -0.01199558, -0.21930325,  0.15826667]), array([ 2.85415992,  0.94471711,  0.70424369,  0.20731936,  1.53792916,
       -0.04192343,  0.07046246,  0.55095485]), array([ 3.00891801,  1.25368421,  0.08192742,  0.26171036,  1.89302021,
       -0.18504549, -0.12462988,  0.23102799]), array([ 3.22423449,  1.35317732, -0.01635424, -0.0964339 ,  1.992578  ,
        0.13864612,  0.03720689,  0.08228102]), array([ 2.8777125 ,  1.36998153,  0.19158979, -0.39419952,  2.48917825,
       -0.21788366, -0.04351079, -0.06109618]), array([ 2.88137527,  1.47558679,  0.09440205, -0.13169921,  2.15561535,
        0.11832896, -0.21892517, -0.07605783]), array([ 2.87477621,  1.70649258, -0.0860994 , -0.29916317,  2.18088394,
       -0.15509013,  0.2449425 , -0.05650071]), array([ 2.74285822,  1.1782051 ,  0.48423824, -0.15456551,  2.26254642,
       -0.45154046,  0.49870485, -0.20732854]), array([ 2.76121352,  1.53814244,  0.23661989, -0.32325286,  1.81763403,
        0.30330385, -0.27529564, -0.18536972]), array([2.96840364, 1.28312669, 0.1697616 , 0.10820753, 1.42926894,
       0.09751076, 0.08595347, 0.37959514]), array([ 3.07078019,  1.08485371, -0.13768479,  0.2013767 ,  1.90110513,
       -0.09807828, -0.13288164,  0.1235543 ]), array([ 2.75127583,  1.44727386,  0.02027336,  0.07972633,  1.78115654,
        0.50988549, -0.42227143, -0.04153668]), array([ 2.80592846,  1.26715187,  0.26074185,  0.1384467 ,  1.74469096,
        0.07187736, -0.10066391,  0.3032294 ]), array([ 3.01200052,  1.72568456, -0.12570531, -0.28990055,  1.9272628 ,
        0.33907065,  0.05271391, -0.29452942]), array([ 3.26479972,  1.27060587,  0.3199433 , -0.03863643,  1.59563081,
        0.28083852,  0.03845534, -0.05040745]), array([ 2.74597325,  1.8453042 ,  0.19465529,  0.02531011,  1.88881374,
        0.05888648,  0.05876377, -0.25637424])]
