[array([ 3.27830724e+00,  8.41944130e-01, -1.20044447e-04, -7.93506984e-02,
        2.40408345e+00,  1.68110114e-01, -4.64577859e-01, -3.85941640e-01]), array([ 2.96896769e+00,  1.40863657e+00,  5.38054996e-05, -2.25157679e-04,
        2.01896208e+00, -3.48379778e-04, -4.19092160e-04, -2.73104408e-02]), array([ 2.51132149,  2.57951391, -0.28284221, -0.30827656,  2.2173645 ,
       -0.51554372, -0.86848427,  0.10041002]), array([ 2.85736888e+00,  1.19261553e+00,  2.13965172e-01, -1.83607101e-02,
        1.95904624e+00, -1.06181205e-04, -2.53316673e-01,  2.81771134e-01]), array([ 2.87629658e+00,  1.43480464e+00, -3.91168230e-05, -2.06157621e-02,
        2.10383595e+00,  1.49228475e-04, -3.93671635e-05,  3.22696281e-02]), array([ 2.88787563e+00,  1.81489503e+00,  2.39263102e-04,  9.10521505e-05,
        2.00544113e+00, -5.31074086e-04,  2.67746754e-04, -2.62657048e-02]), array([ 2.78738026e+00,  1.58134783e+00,  5.50545709e-02,  7.81089616e-02,
        1.95529238e+00,  1.55597477e-04, -2.44109560e-04,  8.78145258e-02]), array([ 2.85701920e+00,  1.51840675e+00,  9.13288256e-02, -9.92467897e-02,
        1.93860281e+00,  1.91739264e-01,  2.69529359e-04,  1.85507018e-01]), array([ 3.07426529e+00,  1.15659392e+00, -4.99058034e-05, -4.15742075e-01,
        2.19453120e+00, -2.74598476e-01,  1.21872797e-04,  6.12331923e-02]), array([ 3.54973591e+00,  6.03609267e-01,  5.07557795e-01,  2.03472939e-04,
        1.82296436e+00,  1.79404151e-01,  5.79548534e-01, -3.47160279e-01]), array([ 3.38137250e+00, -5.89447503e-05, -2.64282953e-01,  3.04572661e-01,
        3.39747164e+00,  3.64956417e-01, -8.60185448e-01,  1.36094581e+00]), array([ 3.24500925e+00,  1.33348465e+00,  2.45690559e-04,  8.92684687e-02,
        2.08076508e+00, -1.64995564e-01, -1.81215863e-03, -7.66506934e-03]), array([ 3.08882346e+00,  7.44226040e-01,  4.51792911e-01, -1.69358362e-01,
        2.08224575e+00, -2.25676588e-04, -4.16029238e-01,  1.25068582e-01]), array([2.92011678e+00, 1.11681604e+00, 2.10958115e-01, 4.41886713e-04,
       1.28121009e+00, 1.70696123e-01, 6.15790952e-02, 4.24988490e-01]), array([ 3.23241639e+00,  9.13380894e-01,  3.29679797e-01, -6.04459667e-05,
        1.89636860e+00, -2.98947701e-01,  1.86213784e-01,  1.58249922e-04]), array([ 3.11688464e+00,  1.75114219e+00, -2.40957948e-01, -1.21148816e-01,
        2.36317952e+00, -1.75855635e-04, -1.44571565e-05,  1.44851076e-01]), array([2.74066342e+00, 1.64439637e+00, 5.94346565e-01, 1.88795851e-03,
       1.92485423e+00, 9.80457449e-02, 6.00350753e-04, 8.97157518e-05]), array([ 2.81476316e+00,  1.35736800e+00, -9.46994594e-05, -7.35628253e-02,
        2.16257385e+00, -4.11852016e-01, -1.01678097e-04,  5.99637665e-01]), array([ 3.27055208,  0.09872488,  1.36435778, -1.92556967,  3.7237798 ,
       -1.45494018, -0.37309212, -0.60201577]), array([ 2.87576914e+00,  1.77794037e+00, -2.29722510e-04, -2.39479829e-01,
        2.41377172e+00,  1.34339062e-04, -1.05836727e-01, -8.15009757e-02]), array([ 2.44797776e+00,  1.74851073e+00,  1.46750548e-01, -8.57201428e-02,
        1.63068382e+00,  3.61703079e-05,  1.29264751e-01, -5.10678531e-06]), array([ 3.05197417e+00,  1.31282907e+00,  1.42406780e-01, -1.15918483e-02,
        2.12203533e+00, -1.43145535e-02,  1.78101934e-04, -1.68201889e-02]), array([ 3.02029309e+00,  1.37316578e+00,  9.81270531e-06,  9.51619106e-05,
        2.00182165e+00,  1.43902208e-01,  3.91053514e-05, -2.73838604e-04]), array([ 3.25267607e+00,  1.12198241e+00, -1.29399877e-02, -1.03742866e-04,
        2.31169018e+00,  3.43539450e-04,  1.74466078e-01, -1.70320502e-01]), array([ 3.10306663e+00,  1.72862534e+00,  5.18770427e-04,  3.42366188e-03,
        2.10260936e+00, -3.03257453e-05, -5.07125608e-03,  3.96097086e-01]), array([ 2.60968085e+00,  1.80186382e+00, -2.87396341e-04, -5.09498144e-01,
        1.82032538e+00,  7.17802984e-02,  7.47959580e-01, -4.96501570e-01]), array([ 2.55591045e+00,  2.44936222e+00,  2.31053798e-01, -1.11191736e-01,
        1.92695250e+00,  1.02614550e-01,  6.59191139e-05,  6.05847795e-02]), array([ 2.95388281e+00,  1.28782450e+00, -8.14276455e-04, -6.73354927e-04,
        2.09716585e+00, -1.24598299e-01,  8.11659337e-02, -5.10079581e-05]), array([ 3.07740580e+00,  1.38864838e+00, -4.87824238e-02,  2.28053398e-04,
        2.18970698e+00, -2.56861277e-04,  7.36760750e-03, -1.21825126e-01]), array([ 3.04933446e+00,  2.04278990e+00, -4.04811508e-01, -1.08039545e-04,
        1.56260203e+00, -4.17448854e-01, -2.69419184e-01,  7.90773434e-01]), array([ 2.85156088e+00,  1.70201566e+00,  2.59597098e-02, -1.12476715e-01,
        2.27312643e+00,  6.03583566e-05, -7.80480776e-02, -1.23412841e-05]), array([ 2.78462070e+00,  1.75024361e+00, -1.42128231e-02,  1.72747423e-04,
        1.90438498e+00, -7.09209462e-05,  2.83186950e-01,  7.59763664e-05]), array([ 2.86426847e+00,  1.48028788e+00,  5.06255066e-04, -2.31862477e-01,
        2.10852231e+00,  1.61980266e-01,  5.66558100e-04,  5.73561085e-02]), array([ 3.44876711e+00,  1.51227371e+00, -6.76041242e-02,  1.77182131e-04,
        2.12946941e+00, -2.32912708e-01,  9.24577717e-05,  1.05703789e-04]), array([ 3.90424580e+00,  1.23424193e+00,  4.38262722e-01, -1.61025185e-02,
        1.63143827e+00, -2.12340322e-04,  3.20402829e-02, -2.16220544e-01]), array([ 2.69074061e+00,  1.60618105e+00,  1.29421420e-02, -1.05874743e-03,
        2.16520023e+00, -1.10147165e-04, -1.51221239e-04,  3.47495889e-04]), array([ 3.04835792,  1.55784881,  0.06889933,  0.03069448,  1.60618939,
       -0.46949247,  1.2200091 , -1.32712244]), array([ 3.18690387e+00,  1.52627079e+00, -3.49596395e-04,  1.33987075e-01,
        2.88595115e+00,  2.35113713e-01, -6.65323781e-01,  1.30078737e-01]), array([ 3.35350013e+00,  1.27754251e+00, -2.21266059e-04, -1.51422962e-04,
        2.06401066e+00,  1.36822303e-03, -1.36568210e-01,  8.55710193e-05]), array([3.20337980e+00, 1.38305310e+00, 7.43471772e-05, 8.17043757e-04,
       1.81312202e+00, 4.78375125e-06, 9.20190759e-04, 2.76615824e-01]), array([ 3.10331016e+00,  1.48370495e+00, -4.01228542e-01, -7.04862615e-05,
        2.22532068e+00,  6.46868665e-02, -1.74962958e-05, -4.06754411e-01]), array([ 3.40131084e+00,  1.31983486e+00, -3.39913426e-04,  4.50991549e-03,
        1.77093029e+00,  6.03295713e-05, -4.11637488e-02,  1.58885485e-01]), array([2.30660191e+00, 1.29213320e+00, 1.65477151e-02, 3.38655396e-01,
       1.95856959e+00, 1.73911197e-01, 1.52349388e-04, 9.75491939e-05]), array([ 2.59675471e+00,  1.31918615e+00,  2.71000695e-01,  5.03469350e-04,
        2.31676623e+00,  3.51943636e-02, -6.10937532e-05,  1.05901109e-05]), array([ 3.36339651,  1.47037223,  0.34274628, -0.30050405,  1.98998941,
       -0.00855094,  0.27136118, -0.092393  ]), array([ 3.21033373e+00,  1.67778723e+00,  2.86055279e-01,  2.15715862e-04,
        1.80031379e+00,  3.30739232e-01,  1.38491868e-02, -2.28529307e-01]), array([ 2.57574013e+00,  1.59229399e+00,  2.50907578e-01,  1.00553529e-01,
        2.19070799e+00,  1.81293273e-04, -1.74633115e-01, -2.42498689e-04]), array([ 3.15199439,  2.02858676, -0.84426859, -0.81208312,  1.15910311,
        0.5277217 , -0.21617759, -0.26659998]), array([ 3.00073023e+00,  1.33854480e+00,  2.05304617e-04, -3.71184541e-01,
        2.13980045e+00, -2.52255100e-02, -4.46497800e-02, -4.78640723e-02]), array([ 3.36696440e+00,  1.23594654e+00, -1.25219542e-04,  2.16743534e-04,
        2.38314419e+00, -2.36469799e-01, -7.15926614e-04, -2.26890523e-01]), array([ 2.93449045e+00,  1.33805249e+00,  4.36514874e-01, -1.17999440e-04,
        1.89600453e+00,  4.16599984e-01, -2.82280827e-02,  3.32065248e-01]), array([ 2.90295014e+00,  1.58874556e+00, -1.20735646e-01, -3.33265807e-04,
        2.06680291e+00, -9.05149468e-04, -2.86773632e-01,  1.67131484e-01]), array([ 3.26999987e+00,  1.60775484e+00,  2.06911179e-04, -2.12082202e-01,
        2.14711513e+00,  2.34723948e-02, -2.70843766e-04, -2.34446170e-01]), array([ 2.23381207e+00,  4.08346747e+00, -2.24771655e+00,  1.15532978e+00,
        4.35488785e-01,  1.78755634e+00,  4.58794898e-05, -1.83498916e+00]), array([ 4.20195728,  1.43745975, -0.32592324,  0.61811979,  1.58516304,
        0.51296248,  0.84819656,  0.27294905]), array([ 3.13008013e+00,  1.47508273e+00,  3.72052377e-04, -9.24864433e-05,
        1.85310270e+00, -1.09059378e-04, -5.92861326e-03,  2.07747431e-01]), array([ 2.95596571e+00,  1.55695809e+00,  9.54990708e-05, -1.44592853e-04,
        2.18483467e+00, -6.41289484e-05, -5.05640714e-04, -1.17156790e-01]), array([ 2.92247464e+00,  1.63162321e+00, -9.43264224e-05,  2.34595072e-01,
        1.85620427e+00, -2.09419606e-02, -4.34255808e-04, -1.29112651e-03]), array([ 3.30664247e+00,  1.29221601e+00,  2.11883648e-01, -4.52061982e-02,
        1.81275773e+00,  7.30331017e-04, -2.59307027e-04, -3.25041822e-04]), array([ 3.86719187e+00,  5.48261202e-01,  4.19877473e-01,  1.33646529e-01,
        1.98395260e+00,  3.85321971e-01, -1.23893331e-01, -2.97940489e-05]), array([ 2.90409507e+00,  1.31309765e+00, -8.46088817e-02, -6.81659577e-06,
        1.35147808e+00,  2.72040883e-01, -1.09977007e-01,  2.36755955e-02]), array([ 3.17660739e+00,  9.88215666e-01,  4.18146990e-04,  3.26049890e-04,
        2.06561509e+00,  3.98535187e-02, -9.62504838e-04,  7.97611759e-02]), array([ 2.83372878e+00,  1.67028298e+00,  7.67392404e-05,  4.58582708e-04,
        2.10784190e+00, -1.65677233e-01, -6.10252774e-05, -1.25917654e-04]), array([ 2.94845039e+00,  1.58617089e+00,  2.88139364e-03, -4.05076792e-04,
        2.03869242e+00,  6.34915678e-04, -6.61329313e-02,  7.48586669e-02]), array([ 3.57332714e+00,  1.50095920e+00,  1.51637495e-04, -2.00999048e-04,
        2.04047673e+00, -5.06893382e-02, -1.56140113e-04,  8.23761219e-02]), array([ 3.19472681e+00,  1.42808133e+00, -6.18460308e-02, -1.08019825e-01,
        2.12312273e+00,  8.04254956e-05,  6.86904475e-05, -1.30315033e-01]), array([ 3.05341409e+00,  1.44519598e+00,  3.65213956e-01, -5.98808510e-01,
        2.15198416e+00, -5.86148729e-02, -1.64855088e-04,  3.97638284e-01]), array([ 2.95183492e+00,  1.61349776e+00,  1.09642853e-04,  1.29450723e-01,
        1.79259020e+00,  5.09625514e-04, -6.43264367e-03,  1.76447688e-01]), array([ 3.56361180e+00,  3.57628577e+00, -7.61757075e-01, -3.23049880e-01,
        1.24948999e+00, -1.03851263e+00, -8.54367858e-05, -1.09772910e+00]), array([ 3.12112063e+00,  1.28033742e+00,  1.41742117e-03,  3.19421119e-01,
        1.63279783e+00,  2.70276419e-04,  3.87870139e-02, -7.29482407e-02]), array([ 3.17468537e+00,  1.46220928e+00, -2.92162910e-01,  2.31153882e-01,
        1.84934295e+00, -1.08671261e-01, -1.61067027e-04, -2.13801887e-03]), array([ 3.22184518e+00,  1.65688257e+00, -3.13697629e-01,  7.70529498e-05,
        2.05981491e+00,  2.11635415e-04,  1.00419266e-01,  1.07391239e-03]), array([ 2.93056423e+00,  1.22131923e+00,  6.76990117e-02, -1.82638879e-02,
        2.06320367e+00, -2.34618672e-06, -7.06738884e-04, -5.51846500e-02]), array([ 3.10812380e+00,  1.53145061e+00, -2.53341415e-01, -7.65683479e-03,
        1.94814211e+00, -1.41169722e-01, -1.87124954e-05,  5.03183449e-04]), array([ 2.56895385e+00,  1.53324570e+00, -1.35733515e-04,  1.99365453e-01,
        1.90053707e+00,  2.08820625e-01, -3.53646470e-05, -2.23126865e-01]), array([3.29249378e+00, 1.09956713e+00, 1.76602719e-04, 6.03235709e-02,
       2.04934988e+00, 3.31025124e-04, 1.85281558e-03, 9.68955532e-05]), array([ 3.22194670e+00,  1.28677072e+00,  9.46752813e-02,  1.27680554e-03,
        1.93525731e+00,  8.93757728e-05, -1.27784165e-03,  1.22849173e-02]), array([ 2.24831393e+00,  2.44682189e+00, -1.08115580e-04, -1.21271315e-04,
        2.02823713e+00, -2.80179059e-01,  2.95790443e-01, -1.17416727e-01]), array([ 3.03701938e+00,  1.26206553e+00,  2.41675060e-01,  7.87074693e-05,
        1.86843712e+00,  6.72384809e-05, -7.80280032e-06,  1.84430444e-02]), array([ 2.86674508e+00,  1.68075934e+00,  4.07622237e-06,  4.18125541e-02,
        2.00353352e+00, -4.13446025e-04, -5.54172850e-05, -1.23315017e-03]), array([ 2.98263925e+00,  1.33345296e+00,  4.20729348e-01,  2.08550417e-04,
        1.58309462e+00, -5.64937810e-05, -2.68043598e-05,  2.57284243e-04]), array([ 3.11572405e+00,  8.07868078e-01,  7.22354768e-01, -4.90862943e-01,
        1.72519306e+00, -3.65656351e-01, -9.50840256e-05, -7.87631092e-01]), array([ 2.90814472e+00,  1.06398972e+00,  2.26564857e-01, -1.56752144e-02,
        2.00012573e+00,  3.07664133e-02,  3.57165083e-04, -2.94184934e-05]), array([ 3.19940135e+00,  1.43674295e+00,  1.19111264e+00, -3.75031324e-02,
        5.51765181e-01,  4.71339738e-04,  2.09946711e-01,  2.06822722e-04]), array([ 3.10873413e+00,  1.48927647e+00, -4.56622917e-01, -6.74051595e-02,
        2.05273083e+00,  2.42327410e-04, -1.28780785e-01, -1.05048628e-01]), array([ 2.75032535,  1.44041084,  0.33885094, -0.0230957 ,  2.29357019,
       -0.04022603, -0.31307776,  0.38364185]), array([ 2.88439575e+00,  1.65166129e+00, -3.69057578e-02, -3.50331856e-04,
        2.26871499e+00, -1.04160927e-04,  4.49454786e-04, -8.16110547e-02]), array([3.05530267e+00, 1.89636010e+00, 8.27902568e-05, 1.29778930e-04,
       1.43892271e+00, 4.84229835e-01, 2.23432595e-01, 2.01859442e-01]), array([ 2.95292476e+00,  1.60173570e+00,  2.36743391e-01, -7.91329981e-02,
        2.09292327e+00, -1.90189042e-02, -5.55498995e-04, -3.62290827e-01]), array([ 3.26508417e+00,  1.44813335e+00,  2.96566462e-04,  1.87020392e-02,
        1.78531260e+00, -1.20786685e-05, -5.33917275e-02,  5.10975588e-05]), array([ 3.07079713e+00,  1.27983606e+00, -4.00372822e-05, -1.29107807e-01,
        2.06642096e+00, -1.44232611e-04, -3.67434630e-05,  5.76101138e-02]), array([ 3.16799833,  1.30574248, -0.17295639, -0.1136559 ,  1.99583365,
        0.06416293,  0.17316068, -0.2290091 ]), array([ 3.49777215,  0.85747492,  0.1695267 , -0.42932465,  2.14877292,
        0.03265028, -0.78435864,  0.77733982]), array([ 3.02046318e+00,  1.10954071e+00, -1.64589718e-01,  6.20435006e-04,
        1.85810432e+00,  1.59707888e-05,  1.45367741e-01,  2.20306895e-01]), array([ 2.94118869e+00,  1.61103257e+00, -2.16295492e-01,  1.17586555e-01,
        1.76480105e+00, -1.18704135e-04,  6.66553955e-05, -1.79386053e-01]), array([ 2.86347211e+00,  1.77081730e+00,  1.17639785e-04, -3.08017003e-04,
        1.64793209e+00,  2.88194527e-01,  1.11528224e-01, -1.56197934e-01]), array([ 2.83268375e+00,  1.70471704e+00, -1.58068401e-02,  1.11954494e-01,
        1.92376903e+00, -1.05740927e-04, -7.12997212e-04, -9.67186078e-05]), array([ 2.84207406e+00,  1.82181654e+00, -3.02159487e-01, -2.92721509e-04,
        1.73011286e+00,  3.44091959e-01, -2.64092853e-01, -7.66186303e-02]), array([ 2.86349527e+00,  1.63142572e+00,  4.31350316e-01, -4.88046240e-01,
        2.14310404e+00,  5.95175490e-05, -1.30004902e-01, -2.08846443e-04]), array([ 3.47082696e+00,  1.83598093e+00, -1.59777030e+00,  1.31661086e+00,
       -9.52219852e-05,  4.88697620e-02, -2.08536266e+00,  1.51584768e+00])]
