[array([ 3.15408068e+00,  1.52650435e+00, -1.95728321e-01, -2.34443783e-01,
        2.14346800e+00, -1.27992896e-01, -5.80846899e-02,  1.79492881e-03]), array([ 2.97174021,  1.56164492, -0.15402804,  0.06451   ,  1.98705067,
       -0.03363943,  0.1450577 , -0.15980102]), array([ 2.76676948,  1.45997125,  0.06342199,  0.34269509,  1.84205323,
        0.1651649 , -0.02581173,  0.08110142]), array([ 2.94986642,  1.45098458, -0.04908728,  0.07637758,  1.91680835,
       -0.00624052,  0.10242845,  0.15165521]), array([ 2.96927063,  1.45049857,  0.09683028, -0.11690958,  2.00416575,
        0.04832846, -0.31163481,  0.20185576]), array([ 3.01773099,  1.50857918, -0.2042466 ,  0.20114645,  1.93490091,
        0.20577313, -0.20731441, -0.20815893]), array([ 2.82226403e+00,  1.48845989e+00, -1.84595828e-03,  4.64389211e-02,
        1.77265829e+00, -1.31682310e-02,  8.84233946e-02,  1.11590837e-01]), array([ 2.79501879,  1.85992186, -0.0966108 , -0.07016598,  2.02916836,
       -0.187658  ,  0.17322195, -0.22590161]), array([ 2.86957411,  1.66807905,  0.17604935, -0.25536783,  1.870604  ,
        0.01120506,  0.15620097,  0.0705635 ]), array([ 2.83550135,  1.37744273,  0.10240857,  0.07499633,  2.16015584,
       -0.07337135, -0.0359317 , -0.12304198]), array([ 2.92951316,  1.63317103, -0.00547628, -0.21396992,  2.24801611,
       -0.10497788,  0.25960122,  0.08098707]), array([ 2.74348273,  1.78167819, -0.26442234, -0.03638157,  2.03520305,
       -0.16411436, -0.01528098, -0.10810381]), array([ 2.82058161,  1.75515559,  0.14855898, -0.06628279,  2.0341334 ,
       -0.09955204,  0.00698431, -0.14387683]), array([ 2.80767667,  1.46364004,  0.17047315, -0.03548829,  1.843669  ,
        0.00738751, -0.04513293,  0.21233673]), array([ 2.5640578 ,  1.68474792, -0.07678977,  0.13653727,  1.82044927,
        0.15129147,  0.10691847,  0.01080835]), array([ 2.87237721e+00,  1.76271451e+00, -2.96223185e-01,  2.72002805e-01,
        1.91105709e+00, -2.52154581e-03, -1.36175560e-01,  3.59046369e-02]), array([ 3.07057382,  1.65591335, -0.10089891,  0.00498167,  2.1683798 ,
       -0.20275596,  0.04459926, -0.09154882]), array([ 3.02096634,  1.5387751 , -0.03820009, -0.19799956,  1.59785845,
        0.22387381,  0.09871402,  0.04705767]), array([ 3.04592398,  1.37924978,  0.3272946 , -0.11913569,  1.89239746,
        0.27038069, -0.14219512, -0.28537219]), array([ 2.91753482,  1.25995013, -0.26177185,  0.14825533,  1.76926328,
        0.13827682, -0.1387965 ,  0.06871962]), array([ 3.07029016,  1.6515263 , -0.19141479,  0.07751102,  1.88051795,
        0.19206776,  0.14252141,  0.06051395]), array([ 2.95687212,  1.43857699,  0.29138872,  0.10857135,  1.86371487,
        0.01866253, -0.27092135,  0.18073879]), array([ 3.07624387,  1.45977261, -0.33466217,  0.1461603 ,  1.80584972,
        0.20359216, -0.24051458,  0.07063771]), array([ 2.78807995e+00,  1.44470767e+00,  2.63106446e-01,  1.36307916e-03,
        1.68020472e+00,  1.73156781e-01, -1.66405733e-01,  2.61030614e-01]), array([ 2.9587812 ,  1.80052252, -0.40238876,  0.00842064,  1.88462212,
       -0.46838951,  0.31842253,  0.01858932]), array([ 2.89799781,  1.23913543,  0.02008411,  0.12154771,  1.81904184,
       -0.18561009,  0.33412848, -0.12660342]), array([ 2.99854951e+00,  1.44624130e+00,  1.75282974e-01,  1.12218839e-01,
        1.93501117e+00,  1.16756425e-01, -2.23175609e-03, -1.70888393e-01]), array([ 3.03535098,  1.7447575 ,  0.33055959, -0.35562337,  2.0166857 ,
        0.17534458,  0.0239695 ,  0.12742262]), array([ 2.94261494e+00,  1.25122682e+00,  4.96782875e-02,  1.98366606e-01,
        1.88064672e+00,  7.90592677e-02, -1.14231312e-01,  2.03804875e-03]), array([ 2.72486385,  1.36293076,  0.21864341,  0.04813191,  1.83351385,
        0.08214275,  0.00950168, -0.07080166]), array([ 2.97707639,  1.63657636, -0.05857334,  0.01559578,  2.18608863,
       -0.40948719,  0.30427628, -0.08517869]), array([ 2.89382138,  1.63730855, -0.1216074 , -0.28681641,  1.57386448,
        0.53337986, -0.02578265, -0.06119762]), array([ 2.8048603 ,  1.35799162,  0.30029241, -0.27779604,  2.05423374,
        0.14722455,  0.318249  , -0.40609249]), array([ 2.86286266e+00,  1.54790196e+00,  2.45639953e-03, -9.41045735e-02,
        2.05802319e+00,  1.43247471e-03,  1.21263898e-01,  9.06130678e-02]), array([ 2.82854675,  1.50720803, -0.04045371,  0.04385568,  1.88703776,
        0.18191475, -0.19738664,  0.17787434]), array([ 3.01511382e+00,  1.68382845e+00, -1.29383072e-01,  1.85032658e-01,
        2.00277242e+00, -1.90091675e-01, -1.26095347e-03,  1.55386612e-01]), array([ 2.90913312,  1.49549726,  0.26741072,  0.14911543,  1.79529448,
       -0.08765403,  0.20916043, -0.01899611]), array([ 2.81623079,  1.73411895, -0.03506921,  0.01922343,  1.81397413,
        0.14855349,  0.26809154, -0.15541488]), array([ 2.83972161,  1.63824361, -0.15820378,  0.20217443,  1.94329085,
       -0.01069344, -0.10301615,  0.22339274]), array([ 2.91859813,  1.71293932, -0.34652872,  0.21576092,  1.8680207 ,
        0.20359772,  0.08422273, -0.06959123]), array([2.89709349, 1.31114613, 0.02658021, 0.07078426, 1.49173361,
       0.09643929, 0.04647373, 0.0667875 ]), array([ 3.15891169,  1.28628681, -0.11593921,  0.29894587,  1.66620861,
        0.2156517 , -0.26249672, -0.12539796]), array([ 2.81579522,  2.04305137,  0.01552959,  0.05697633,  1.72247673,
        0.17451539, -0.1126703 ,  0.20133352]), array([ 2.94301399e+00,  1.54866741e+00, -2.80356963e-03, -6.48591893e-02,
        1.75873936e+00,  3.75588363e-02,  1.23416020e-02,  1.86050624e-02]), array([ 2.75913369,  1.29395334, -0.01165018,  0.25483297,  1.86343563,
        0.03718435, -0.05643706, -0.05709599]), array([ 2.69437611,  1.52784436,  0.13485303,  0.12179497,  1.83202107,
       -0.02039291, -0.17071045,  0.10928748]), array([ 2.80962827,  1.92423268, -0.24461064, -0.06852072,  2.0547651 ,
        0.05013654, -0.25483731, -0.09213955]), array([ 3.04982467,  1.35553855,  0.43266818, -0.14574814,  2.09549029,
        0.09151051,  0.17369928, -0.01771169]), array([ 2.99607553,  1.30607052,  0.14467203, -0.00453209,  1.86709243,
       -0.04618455,  0.15617215, -0.09379939]), array([ 2.89806148,  1.65896704,  0.25517257, -0.19164766,  2.00230629,
        0.27589657, -0.26570338, -0.1927168 ]), array([ 2.8602515 ,  1.33758526,  0.25113774,  0.04648184,  1.98062638,
       -0.32171654,  0.1213875 , -0.02411864]), array([ 2.86058963,  1.44428922,  0.29757721,  0.10767773,  1.77477621,
       -0.06190261,  0.0894763 , -0.11969847]), array([ 3.01804626,  1.4016424 , -0.03259088,  0.0146969 ,  1.98919013,
        0.28552048,  0.06167854, -0.21858894]), array([ 2.79113892,  1.69533344, -0.05157727,  0.00943189,  2.02403553,
        0.06096375, -0.03849424, -0.21158506]), array([ 3.0149223 ,  1.56040414,  0.03170773,  0.11079351,  1.76136511,
       -0.1266429 ,  0.13186258, -0.2910124 ]), array([ 2.62033325,  1.9426058 , -0.10926556, -0.09654426,  2.05099326,
        0.19727151, -0.17253633,  0.00670622]), array([ 2.71143768e+00,  1.77272343e+00,  5.59418491e-02,  1.82515440e-02,
        1.95332737e+00, -1.71496156e-03, -8.00391397e-02,  4.43429176e-02]), array([ 2.81413284,  1.60058184,  0.10464083,  0.12970439,  1.86499873,
        0.04641531, -0.07740144,  0.09894593]), array([ 3.10177141,  1.06736437,  0.04131703,  0.14510061,  2.10262075,
       -0.15045475, -0.17187221,  0.11396825]), array([ 2.92258365,  1.56344494, -0.03842262,  0.10824405,  2.00127762,
        0.07746241, -0.18272295,  0.24881835]), array([ 3.06225618,  1.35169757,  0.04974178,  0.12693425,  1.93483733,
        0.11031095, -0.10666713, -0.05501993]), array([2.86565109, 1.34048862, 0.09920122, 0.01922349, 1.89451228,
       0.09556687, 0.12574937, 0.03035155]), array([ 2.91489139,  1.44203608,  0.23503605,  0.12809785,  1.80023794,
       -0.32910988,  0.42300061, -0.30891169]), array([ 3.08641977,  1.5717835 , -0.43286674,  0.20799745,  1.84538075,
        0.15165216, -0.10217431,  0.06390094]), array([ 3.20776109,  1.26371523,  0.34900563, -0.0971317 ,  2.09569146,
       -0.07701584,  0.12593781,  0.11668824]), array([ 3.19493653,  1.4754723 , -0.27141911,  0.19774975,  1.95115938,
       -0.15584557,  0.12996571,  0.11337138]), array([ 2.70327655,  1.95434354, -0.00877557, -0.11530485,  1.9300513 ,
        0.17790594, -0.02139768, -0.12842246]), array([ 2.96177809,  1.53310821, -0.06288572,  0.08723246,  1.91587898,
        0.12099163, -0.11747851, -0.18930407]), array([ 2.80016416,  1.67835778, -0.06012885,  0.10445223,  1.86653918,
        0.18442059, -0.18845113,  0.29637218]), array([ 3.37301884,  1.54258843, -0.10523026, -0.19050003,  1.88171095,
        0.20938327, -0.14674354,  0.15955206]), array([ 3.21950983,  1.25927427, -0.05599319,  0.03037662,  2.10223382,
        0.01330853,  0.0839809 ,  0.00499852]), array([ 2.98977187,  1.27581918,  0.02243286, -0.1129877 ,  2.11403622,
        0.15660826, -0.31760326,  0.22855065]), array([ 2.78331252,  1.59248656, -0.17835438, -0.00573925,  1.92364343,
        0.31156859, -0.07019712,  0.07956609]), array([ 2.82252761,  1.37904939,  0.13058624,  0.13833075,  1.81462656,
       -0.20583559, -0.15433881,  0.03424516]), array([ 3.06842236,  1.60794092, -0.09039102, -0.03233602,  1.8214524 ,
        0.02435896,  0.0867181 ,  0.15678699]), array([ 3.11108987,  1.27519253, -0.01517475, -0.10545255,  2.06468331,
        0.05403491, -0.1870745 ,  0.16762561]), array([2.94512627, 1.5264366 , 0.12459366, 0.12197027, 1.72077562,
       0.12470556, 0.2644944 , 0.02711209]), array([ 2.86700732,  1.573585  ,  0.1219368 , -0.13817839,  2.32434613,
       -0.21768948,  0.0463572 , -0.08657893]), array([ 3.03483612,  1.42598883, -0.10987615,  0.14127091,  1.93703917,
       -0.25841768,  0.13764213,  0.13849464]), array([ 2.86746665,  1.50523782,  0.13212679, -0.03632799,  1.6952156 ,
        0.32731428, -0.06625168, -0.06588154]), array([ 2.66376756,  2.01556912, -0.4769648 ,  0.183626  ,  1.86259407,
        0.27172461,  0.04588079, -0.05883354]), array([ 2.89075853,  1.49581989,  0.06315154,  0.20618538,  1.7899089 ,
       -0.07460669,  0.09004954, -0.09613701]), array([ 2.87287737,  1.47455629,  0.15124587,  0.12834627,  1.93136253,
       -0.04356256,  0.00553797,  0.08117897]), array([ 2.95393034,  1.46620712,  0.05652476,  0.15249814,  1.78374867,
        0.19833441,  0.14707765, -0.08096878]), array([ 2.81289188,  1.80237597,  0.16785858, -0.19936065,  2.18533491,
       -0.15853941,  0.04160087,  0.01582581]), array([ 2.92207607,  1.50372356, -0.06488267,  0.04443067,  1.78606207,
       -0.25924301,  0.09699707,  0.23499103]), array([ 3.11833894,  1.39157991, -0.14741545,  0.16031989,  1.80972228,
        0.22466424, -0.10541156,  0.11623345]), array([ 2.88044903,  1.61104043,  0.13063868, -0.02933406,  2.04435329,
       -0.31387191, -0.08783663, -0.18069   ]), array([ 2.81376756,  1.57858952,  0.09149591, -0.28623476,  2.15637754,
        0.21129593, -0.13010074,  0.06765786]), array([ 3.12536865,  1.36567657, -0.01625577, -0.06135334,  1.72794572,
        0.16401822,  0.11000411, -0.10300665]), array([ 2.91097864,  1.36410755,  0.18499924,  0.02450109,  2.14058364,
        0.00641731, -0.30912019,  0.17340724]), array([ 3.05310661,  1.67531187, -0.26967689,  0.14258297,  2.07204468,
        0.01201644, -0.10442977, -0.17121149]), array([ 2.78886044,  1.74470341,  0.10738414, -0.13551484,  1.85720843,
        0.269967  ,  0.00969021, -0.04456201]), array([ 2.88164827,  1.53179899, -0.03275053,  0.43288916,  2.0317609 ,
       -0.09532808,  0.19464449,  0.16566005]), array([ 3.28676305,  1.45723575, -0.10477584,  0.14421913,  1.68858526,
        0.19799594,  0.23405275, -0.34827182]), array([ 2.98252936,  1.48396048, -0.27099112,  0.07906059,  2.08443632,
        0.07018342,  0.12664237,  0.18265878]), array([ 2.84087455,  1.40537449, -0.06148062,  0.2010248 ,  2.21228621,
       -0.32623257,  0.15713602,  0.26494135]), array([ 3.02420636,  1.34673412, -0.07728381,  0.17010148,  1.95543389,
       -0.30173557,  0.26274991,  0.04936813]), array([ 3.08433943,  1.43009275,  0.10381046, -0.0773829 ,  1.72305421,
        0.19127038, -0.02766597,  0.04043802]), array([ 3.05809168e+00,  1.47434538e+00,  2.10901670e-01, -2.46408453e-03,
        1.62123986e+00,  1.13405542e-02,  2.08253245e-01, -1.47896965e-01])]
