[array([ 3.23075401,  0.67289083,  0.29062847, -0.25749727,  2.26621589,
        0.36152045, -0.55331036, -0.47326824]), array([ 2.8875179 ,  1.42079213,  0.13742674, -0.16782697,  1.98400538,
        0.02592956,  0.06340823, -0.0697738 ]), array([ 2.54510507,  2.5007441 , -0.27156808, -0.28956175,  2.15742234,
       -0.54237009, -0.87821971,  0.21925369]), array([ 2.67623567,  1.24227974,  0.39983901, -0.10600228,  1.86886609,
        0.04659104, -0.39487136,  0.43558872]), array([ 2.80507138,  1.42556447,  0.18642781, -0.16226914,  2.05574459,
       -0.01726217, -0.05851115,  0.13057635]), array([ 2.79695972,  1.82453186,  0.05819699, -0.02838686,  2.00041271,
       -0.04455793,  0.12902507, -0.12909045]), array([ 2.68431705,  1.55360277,  0.13931483,  0.21520159,  1.79162185,
        0.13994168, -0.14713555,  0.17128794]), array([ 2.81566948,  1.49105909,  0.15073647, -0.20811255,  1.91088704,
        0.27392873, -0.09127128,  0.25240142]), array([ 2.90768389,  1.20801869,  0.08839364, -0.46345987,  2.14365579,
       -0.34235815,  0.1014349 ,  0.08480431]), array([ 3.32800663,  0.80033157,  0.5335908 , -0.0536404 ,  1.8135281 ,
        0.33726955,  0.53161838, -0.46473366]), array([ 3.19561883,  0.07310432, -0.34474656,  0.43571336,  3.18584935,
        0.59559798, -1.02745483,  1.42361664]), array([ 3.17668863,  1.37730384, -0.00812793,  0.20251345,  2.08776685,
       -0.22162006, -0.01321538, -0.09009115]), array([ 2.92048718,  0.6745691 ,  0.68542344, -0.18441744,  2.21823037,
       -0.09831209, -0.62987579,  0.28829119]), array([2.81074087, 1.10987207, 0.2917177 , 0.05048344, 1.17491738,
       0.23495053, 0.13687357, 0.40988383]), array([ 3.03809023,  1.01453135,  0.36382   ,  0.06800971,  1.82843522,
       -0.3650394 ,  0.35705861, -0.11624482]), array([ 3.06607171,  1.76198252, -0.32910807, -0.14621825,  2.35507147,
       -0.01975456, -0.0296895 ,  0.24041684]), array([ 2.67794415,  1.61883182,  0.67516154,  0.10680139,  1.81656311,
        0.2210785 , -0.0565964 , -0.02787569]), array([ 2.77226066,  1.38635016,  0.04470117, -0.13370934,  2.16795477,
       -0.43733555, -0.05641619,  0.6832797 ]), array([ 3.15002235,  0.24581633,  1.25020718, -1.6912209 ,  3.49639386,
       -1.36950795, -0.44667679, -0.64480565]), array([ 2.83032679,  1.82854396, -0.03503794, -0.28509367,  2.41683227,
        0.09525544, -0.19913308, -0.13853734]), array([ 2.40822674,  1.68279534,  0.31239421, -0.16110332,  1.54914439,
        0.03049054,  0.30928751, -0.10999928]), array([ 2.93061709,  1.28879081,  0.22638176, -0.20335268,  2.13505357,
       -0.13771339,  0.22811693, -0.22355466]), array([ 2.93595315,  1.43462983, -0.09039832,  0.12246627,  1.86071554,
        0.19769525,  0.10693874, -0.07627839]), array([ 3.21770739,  1.20037893, -0.20969556,  0.03792662,  2.13997881,
        0.14125411,  0.32167423, -0.31024726]), array([ 3.06532523,  1.63181326,  0.11158052,  0.07465134,  1.90229429,
        0.20975868, -0.20507816,  0.50006823]), array([ 2.55631461,  1.77622734, -0.02191119, -0.53205441,  1.73526676,
        0.20911368,  0.7770359 , -0.51898143]), array([ 2.55983204,  2.29596737,  0.47434589, -0.24605141,  1.87130266,
        0.23722087, -0.11415163,  0.31403688]), array([ 2.67709867,  1.4054389 ,  0.06558426,  0.00467228,  2.04028736,
       -0.23645349,  0.24572222,  0.00495819]), array([ 3.01001023,  1.40592812, -0.12292625,  0.11656273,  2.14894163,
       -0.07553759,  0.20274935, -0.23408488]), array([ 3.0145839 ,  2.12149762, -0.40502556, -0.01456884,  1.56657667,
       -0.42334783, -0.33363517,  0.87563791]), array([ 2.8394717 ,  1.59872473,  0.2270674 , -0.26797886,  2.24998433,
        0.04932435, -0.21528376,  0.03136741]), array([ 2.8038978 ,  1.77806216, -0.20062704,  0.16359328,  1.88151962,
       -0.07124526,  0.35692193,  0.06509402]), array([ 2.78976615,  1.4808059 ,  0.18223478, -0.40896109,  2.02654001,
        0.2568463 ,  0.03851798,  0.09052838]), array([ 3.30584089,  1.58112464, -0.2017762 ,  0.14277897,  2.10827354,
       -0.38733033,  0.13199924,  0.02433179]), array([ 3.84012058,  1.24575597,  0.53483205, -0.1553022 ,  1.66205517,
       -0.15867278,  0.17718896, -0.29255591]), array([ 2.65863702e+00,  1.52471089e+00,  1.54654200e-01, -1.22789756e-01,
        2.17895752e+00,  1.87240739e-03, -1.71677326e-02,  7.29359204e-02]), array([ 3.07200792,  1.39561307,  0.17442939,  0.01793217,  1.57236693,
       -0.49012604,  1.10447007, -1.2350053 ]), array([ 3.08452719,  1.665026  , -0.10446972,  0.40864525,  2.65464835,
        0.41362181, -0.81740174,  0.24689678]), array([ 3.30153316,  1.34435448,  0.03683304,  0.06329479,  1.90915269,
        0.11793221, -0.28566753,  0.05970428]), array([3.06039851, 1.39640667, 0.04304237, 0.11703324, 1.63080554,
       0.03114606, 0.1124186 , 0.33151808]), array([ 2.96518979,  1.53220009, -0.53493469,  0.15800788,  2.14323691,
        0.17421708, -0.05504126, -0.4638134 ]), array([ 3.33055976,  1.32414023, -0.08245093,  0.1769478 ,  1.69696012,
        0.01141242, -0.1460465 ,  0.27077339]), array([2.1769596 , 1.27300786, 0.06565089, 0.43425469, 1.7781194 ,
       0.33980906, 0.10450947, 0.02732947]), array([ 2.49396698,  1.29808627,  0.37623983,  0.01849026,  2.1858675 ,
        0.21521477, -0.12004366,  0.06905136]), array([ 3.32108149,  1.39117066,  0.49966972, -0.41864814,  2.01061254,
       -0.17670327,  0.44364949, -0.21293028]), array([ 3.13950114,  1.64498525,  0.42958942,  0.04486902,  1.67995761,
        0.33104418,  0.13146933, -0.35345897]), array([ 2.46403256,  1.52632796,  0.34017579,  0.27687831,  1.9963624 ,
        0.1147156 , -0.3213565 , -0.01608653]), array([ 3.05078529,  1.9741776 , -0.88778012, -0.99490532,  1.25242261,
        0.75978888, -0.25207236, -0.51076601]), array([ 2.87281537,  1.46016944, -0.02091848, -0.43843091,  2.14110288,
       -0.02762868, -0.09258012, -0.0459523 ]), array([ 3.2695126 ,  1.31774856, -0.07313755,  0.04396768,  2.367237  ,
       -0.27607536,  0.0143461 , -0.27866169]), array([ 2.82636142,  1.36221657,  0.48163941,  0.11167791,  1.78325523,
        0.49429273, -0.18248614,  0.44133031]), array([ 2.86682804,  1.65930646, -0.21593919, -0.03040116,  2.05378616,
       -0.01066367, -0.40949905,  0.37312972]), array([ 3.1979545 ,  1.57887685,  0.13434018, -0.29735097,  2.06821323,
        0.20572303, -0.18578972, -0.20610158]), array([ 1.92386955,  4.33001544, -2.88477912,  1.46051789,  0.84046854,
        1.68813489,  0.12806842, -1.687095  ]), array([ 4.17911407,  1.40413937, -0.44399963,  0.70207095,  1.57173593,
        0.57925573,  0.83118739,  0.31989956]), array([ 3.06457199,  1.50997974,  0.01494846,  0.01832085,  1.85464048,
       -0.03399116, -0.11815184,  0.33829476]), array([ 2.88467873,  1.60909468, -0.04780636, -0.02822432,  2.16309669,
        0.03219631, -0.07830564, -0.13830713]), array([ 2.9146872 ,  1.61870797, -0.04638824,  0.34809361,  1.8177253 ,
       -0.03217814, -0.02453445, -0.00892703]), array([ 3.27974643,  1.2894771 ,  0.44398883, -0.20034063,  1.69494528,
        0.06801622, -0.02359442, -0.01004717]), array([ 3.67871266,  0.70784884,  0.50583126,  0.19515622,  1.88990487,
        0.57740747, -0.2992525 ,  0.06102515]), array([ 2.84184266,  1.36606811, -0.16520056, -0.05755367,  1.36694017,
        0.38259258, -0.22955295,  0.10377635]), array([ 3.09530466,  1.06944938, -0.07715153,  0.12335255,  1.89986772,
        0.2565506 , -0.19299073,  0.23332616]), array([ 2.7640445 ,  1.64344109,  0.06256376,  0.067112  ,  2.07229263,
       -0.23345118,  0.07165914, -0.07113939]), array([ 2.96561285,  1.44218791,  0.21368732, -0.02443206,  1.88418066,
        0.15446544, -0.334193  ,  0.17001891]), array([ 3.46973962,  1.50219009, -0.03996849, -0.05909254,  2.07839596,
       -0.11414908, -0.07411363,  0.18891089]), array([ 3.08992309,  1.50524198, -0.15915388, -0.12948794,  2.10664795,
       -0.00715521,  0.04297951, -0.20883712]), array([ 2.96505112,  1.47252111,  0.46087554, -0.68370158,  2.15679968,
       -0.14703099,  0.01993016,  0.44288721]), array([ 2.87752876,  1.58534672,  0.0155936 ,  0.28880068,  1.68019378,
        0.12070205, -0.19861045,  0.31546817]), array([ 3.54061171,  3.48658545, -0.73048633, -0.40274483,  1.30820194,
       -1.04382136,  0.00843729, -1.09551878]), array([ 2.99700499,  1.31483115,  0.10938798,  0.37346531,  1.53030446,
        0.02520628,  0.18123549, -0.19790103]), array([ 3.09401317,  1.55265006, -0.41294641,  0.35202206,  1.79066712,
       -0.11930551, -0.03391186, -0.07912992]), array([ 3.14424113,  1.6885652 , -0.34576673, -0.01924406,  2.0228148 ,
        0.02468529,  0.12837362,  0.0883277 ]), array([ 2.93192904,  1.1937938 ,  0.21175125, -0.19063572,  2.07671856,
        0.12517933, -0.08543982, -0.08941209]), array([ 3.01836911,  1.5769142 , -0.25594357, -0.09209833,  1.94153882,
       -0.26632885,  0.08356674,  0.09924467]), array([ 2.4083011 ,  1.67288898, -0.17799585,  0.4134379 ,  1.77758264,
        0.20387037,  0.08652376, -0.38887254]), array([3.17521157, 1.20037964, 0.00349483, 0.23614661, 1.89791775,
       0.04096869, 0.07938057, 0.07662934]), array([ 3.16660571,  1.30349047,  0.14189231,  0.07939471,  1.84174144,
        0.01159903, -0.10085891,  0.18026113]), array([ 2.19261375,  2.43628766,  0.01294823,  0.07977366,  2.0022867 ,
       -0.37217177,  0.49703723, -0.23686887]), array([ 2.96500875e+00,  1.23138222e+00,  3.51103661e-01, -4.70458700e-02,
        1.84822444e+00, -1.35852780e-03,  3.19206453e-02,  1.12093755e-01]), array([ 2.76349681,  1.72338959, -0.07994141,  0.15231779,  1.95219262,
       -0.02887512,  0.14086112, -0.1626312 ]), array([ 2.92490455,  1.32730558,  0.47046745,  0.05210458,  1.53203829,
        0.05310076, -0.11658565,  0.09716397]), array([ 3.01021848,  0.80529793,  0.86488462, -0.64362424,  1.7561755 ,
       -0.31065227,  0.07254265, -0.82899759]), array([ 2.82525044,  1.08254142,  0.34347351, -0.19785326,  1.96154292,
        0.1246043 ,  0.00508561, -0.00615712]), array([ 3.13080982,  1.56101452,  1.08918833, -0.0916321 ,  0.49214899,
        0.05382523,  0.24716567,  0.05577505]), array([ 3.06367844,  1.55172648, -0.49137685, -0.17091518,  2.03162394,
        0.06230054, -0.19950025, -0.14478381]), array([ 2.80089818,  1.32810434,  0.47715517, -0.07882736,  2.28688635,
       -0.14023732, -0.32158821,  0.43217832]), array([ 2.86172476,  1.67269717, -0.1859178 ,  0.03726392,  2.22110783,
       -0.00779524,  0.16743157, -0.23007185]), array([3.05857402, 1.81918299, 0.04521872, 0.03633731, 1.41123564,
       0.51946086, 0.29928393, 0.22851482]), array([ 2.91442052,  1.57994908,  0.41622767, -0.2546533 ,  2.16349022,
       -0.12098378,  0.05861763, -0.42058578]), array([ 3.20565238,  1.47287188, -0.03047336,  0.16218149,  1.71996593,
        0.08132824, -0.21451896,  0.06172503]), array([ 3.02958875,  1.31245496,  0.06777892, -0.23924213,  2.10004881,
       -0.11993554, -0.00828804,  0.1208765 ]), array([ 3.08769937,  1.37347771, -0.24815492, -0.17033145,  1.94622222,
        0.14348126,  0.26780484, -0.32730728]), array([ 3.41818625,  0.85579447,  0.27310535, -0.47670865,  2.07082512,
        0.15284496, -0.89738681,  0.85398486]), array([ 2.90466945,  1.17867502, -0.31364879,  0.17345903,  1.76765849,
        0.01569586,  0.16404707,  0.25338352]), array([ 2.90132665,  1.68125364, -0.33214404,  0.27286464,  1.61994917,
        0.11705419, -0.05786993, -0.26218477]), array([ 2.83152701,  1.75588196, -0.02274746,  0.02852268,  1.58312741,
        0.35065135,  0.19095861, -0.2767721 ]), array([ 2.77070116,  1.83245113, -0.1678627 ,  0.26294499,  1.86683551,
        0.01963122, -0.06793576,  0.00881787]), array([ 2.75600763,  1.90808215, -0.36539247,  0.09554954,  1.58834393,
        0.4908082 , -0.26022792, -0.14257991]), array([ 2.79987755,  1.58102302,  0.57299393, -0.59137512,  2.12181144,
        0.02459643, -0.18044494, -0.02944801]), array([ 2.93276646,  2.1649813 , -1.66563862,  1.43405192, -0.18253138,
        0.15612033, -1.78324817,  1.10132538])]
