[array([1.67103557, 0.77218413, 0.        , 0.        , 0.36720635,
       0.        , 0.        , 0.        ]), array([1.07641141, 1.66914431, 0.        , 0.        , 0.20117961,
       0.        , 0.        , 0.        ]), array([0.02840237, 0.94752331, 0.        , 0.        , 0.88931923,
       0.        , 0.        , 0.        ]), array([1.77014281, 0.5249002 , 0.        , 0.        , 0.        ,
       0.        , 0.        , 0.        ]), array([1.40459789, 0.        , 0.        , 0.        , 0.70268151,
       0.        , 0.        , 0.        ]), array([1.4028867 , 0.56265066, 0.        , 0.        , 0.        ,
       0.        , 0.        , 0.        ]), array([1.50570313, 0.17677566, 0.        , 0.        , 0.15938192,
       0.        , 0.        , 0.        ]), array([0.98837735, 0.50771544, 0.        , 0.        , 1.09756139,
       0.        , 0.        , 0.        ]), array([1.50044203, 0.        , 0.        , 0.        , 1.32014318,
       0.        , 0.        , 0.        ]), array([0.        , 1.35386383, 0.        , 0.        , 1.3879824 ,
       0.        , 0.        , 0.        ]), array([1.01317008, 0.29217995, 0.        , 0.        , 1.11872779,
       0.        , 0.        , 0.        ]), array([1.85663497, 0.68276634, 0.        , 0.        , 0.42160098,
       0.        , 0.        , 0.        ]), array([0.        , 0.19517098, 0.79761495, 0.        , 0.        ,
       0.        , 0.        , 0.        ]), array([0.        , 1.22881258, 0.        , 0.        , 0.80741893,
       0.        , 0.        , 0.        ]), array([0.73888809, 0.07453884, 0.        , 0.        , 1.13146289,
       0.        , 0.        , 0.        ]), array([0.        , 1.45874956, 0.        , 0.        , 0.1920035 ,
       0.        , 0.        , 0.        ]), array([0.68403277, 0.2180946 , 0.        , 0.        , 0.        ,
       0.        , 0.        , 0.        ]), array([1.34237721, 1.31234585, 0.        , 0.        , 0.30486281,
       0.        , 0.        , 0.        ]), array([0.31025503, 1.6202136 , 0.        , 0.        , 0.        ,
       0.        , 0.        , 0.        ]), array([1.19604669, 0.60645416, 0.        , 0.        , 0.        ,
       0.        , 0.        , 0.        ]), array([2.03196041, 0.        , 0.        , 0.        , 0.92589218,
       0.        , 0.        , 0.        ]), array([1.67734658, 0.06180856, 0.        , 0.        , 0.        ,
       0.        , 0.        , 0.        ]), array([1.0202775, 0.       , 0.       , 0.       , 0.       , 0.       ,
       0.       , 0.       ]), array([1.82849269, 0.39331098, 0.        , 0.        , 0.        ,
       0.        , 0.        , 0.        ]), array([1.79082227, 0.38640466, 1.30986809, 0.92728273, 1.63018044,
       0.        , 0.        , 0.        ]), array([1.56661095, 0.        , 0.        , 0.        , 1.17793647,
       0.        , 0.        , 0.        ]), array([0.75763084, 0.18099913, 0.        , 0.        , 0.89182478,
       0.        , 0.        , 0.        ]), array([0.73395209, 0.38722902, 0.82103149, 0.97948757, 1.23507085,
       1.2585937 , 0.17610042, 0.        ]), array([1.08106221, 0.10760654, 0.        , 0.        , 0.        ,
       0.        , 0.        , 0.        ]), array([0.91122392, 0.93050729, 0.        , 0.        , 0.        ,
       0.        , 0.        , 0.        ]), array([1.03422325, 0.        , 0.        , 0.        , 0.        ,
       0.        , 0.        , 0.        ]), array([1.97519702, 1.2525893 , 1.0140035 , 0.44768166, 0.66490412,
       0.        , 0.        , 0.        ]), array([1.23091991, 1.15253101, 0.        , 0.        , 0.45301057,
       0.        , 0.        , 0.        ]), array([2.01177266, 0.43994367, 0.18573268, 0.17736338, 0.53124308,
       0.7407322 , 0.        , 0.        ]), array([1.18226612, 0.60692392, 0.        , 0.        , 0.31518129,
       0.        , 0.        , 0.        ]), array([0.5877319 , 0.98105602, 0.        , 0.        , 0.        ,
       0.        , 0.        , 0.        ]), array([0.54999182, 1.93801581, 0.        , 0.        , 0.19020114,
       0.        , 0.        , 0.        ]), array([0.97834187, 0.        , 0.        , 0.        , 0.45497799,
       0.        , 0.        , 0.        ]), array([2.30429544, 0.        , 0.        , 0.        , 0.81080797,
       0.        , 0.        , 0.        ]), array([0.99855822, 0.85777461, 0.        , 0.        , 1.08710267,
       0.        , 0.        , 0.        ]), array([1.65050289, 0.6974806 , 0.        , 0.        , 0.66700882,
       0.        , 0.        , 0.        ]), array([1.90922726, 1.19700897, 0.        , 0.00456514, 0.2968127 ,
       0.        , 0.        , 0.        ]), array([1.1203719 , 0.45210829, 0.        , 0.        , 0.80706977,
       0.        , 0.        , 0.        ]), array([1.39028651, 0.        , 0.        , 0.        , 0.20296247,
       0.        , 0.        , 0.        ]), array([1.38435142, 0.49645382, 0.        , 0.        , 1.09371604,
       0.        , 0.        , 0.        ]), array([1.41449665, 0.        , 0.        , 0.00812369, 0.        ,
       0.        , 0.        , 0.        ]), array([1.40652511, 1.91141245, 0.        , 0.        , 0.        ,
       0.        , 0.        , 0.        ]), array([1.29055859, 0.        , 0.        , 0.        , 0.        ,
       0.        , 0.        , 0.        ]), array([1.39235081, 0.87564169, 0.        , 0.        , 0.        ,
       0.        , 0.        , 0.        ]), array([1.55293693, 0.        , 0.        , 0.        , 0.        ,
       0.        , 0.        , 0.        ]), array([1.48668442, 1.16249995, 0.        , 0.        , 0.        ,
       0.        , 0.        , 0.        ]), array([0.76779544, 1.54078595, 0.        , 0.        , 0.        ,
       0.        , 0.        , 0.        ]), array([1.45612939, 0.317463  , 0.        , 0.        , 0.08983506,
       0.39904432, 0.        , 0.        ]), array([1.06488044, 1.52342931, 0.        , 0.        , 0.50850012,
       0.        , 0.        , 0.        ]), array([2.04737713, 0.12421292, 0.        , 0.        , 0.69112371,
       0.        , 0.        , 0.        ]), array([0.7031464, 0.       , 0.       , 0.       , 0.       , 0.       ,
       0.       , 0.       ]), array([1.6722954 , 0.        , 0.        , 0.        , 0.90370787,
       0.        , 0.        , 0.        ]), array([0.04418691, 0.14990401, 0.        , 0.        , 0.03812302,
       0.        , 0.        , 0.        ]), array([0.        , 0.        , 0.        , 0.        , 0.04334046,
       0.        , 0.        , 0.        ]), array([1.12157924, 0.91138536, 0.        , 0.        , 0.        ,
       0.        , 0.        , 0.        ]), array([1.94063551, 0.        , 0.        , 0.        , 0.17949094,
       0.        , 0.        , 0.        ]), array([0.2483576 , 0.97639534, 0.        , 0.        , 1.67760955,
       0.        , 0.        , 0.        ]), array([0.56226863, 1.58780078, 0.        , 0.        , 0.        ,
       0.        , 0.        , 0.        ]), array([0.        , 0.61786163, 0.        , 0.08958532, 1.1083711 ,
       0.        , 0.        , 0.        ]), array([1.90428331, 2.31284947, 0.40002028, 0.05436947, 1.27958315,
       0.19041374, 0.        , 0.        ]), array([1.52311502, 0.        , 0.        , 0.        , 1.11780392,
       0.        , 0.        , 0.        ]), array([1.62562037, 0.65611477, 0.38366584, 0.48867963, 0.31489722,
       0.        , 0.        , 0.        ]), array([1.65894854, 0.        , 0.        , 0.        , 1.32935017,
       0.        , 0.        , 0.        ]), array([1.54569768, 0.19330777, 0.        , 0.        , 0.        ,
       0.        , 0.        , 0.        ]), array([2.00906237, 0.70780826, 0.        , 0.        , 0.        ,
       0.        , 0.        , 0.        ]), array([1.18858089, 0.92827153, 0.        , 0.        , 0.25515839,
       0.        , 0.        , 0.        ]), array([1.65816778, 1.40276329, 0.        , 0.        , 0.34845118,
       0.        , 0.        , 0.        ]), array([2.13909855, 0.25644175, 0.        , 0.34410201, 1.17097747,
       0.        , 0.        , 0.        ]), array([0.33023417, 0.00728269, 0.69094013, 0.        , 1.08495919,
       0.        , 0.        , 0.        ]), array([1.94129191, 0.57459667, 0.        , 0.        , 0.        ,
       0.        , 0.        , 0.        ]), array([1.22630413, 0.58525855, 0.        , 0.        , 0.29926699,
       0.        , 0.        , 0.        ]), array([1.47218904, 0.        , 0.48011337, 0.        , 0.99284856,
       0.        , 0.        , 0.        ]), array([1.2219084, 0.       , 0.       , 0.       , 0.       , 0.       ,
       0.       , 0.       ]), array([1.46642358, 1.05767325, 0.        , 0.        , 0.        ,
       0.        , 0.        , 0.        ]), array([1.37115525, 1.00983058, 0.        , 0.        , 0.08437931,
       0.        , 0.        , 0.        ]), array([0.        , 0.50894871, 0.        , 0.        , 0.42326094,
       0.        , 0.        , 0.        ]), array([1.45515724, 0.40914908, 0.        , 0.        , 0.24378016,
       0.        , 0.        , 0.        ]), array([1.5422626 , 0.        , 0.        , 0.        , 0.07387883,
       0.        , 0.        , 0.        ]), array([1.5337149 , 0.        , 0.        , 0.        , 0.76550895,
       0.        , 0.        , 0.        ]), array([0.        , 1.97107761, 0.        , 0.        , 0.        ,
       0.        , 0.        , 0.        ]), array([1.04904805, 0.53552728, 0.        , 0.        , 1.24596452,
       0.        , 0.        , 0.        ]), array([0.92009701, 0.        , 0.        , 0.        , 0.        ,
       0.        , 0.        , 0.        ]), array([1.3882776 , 0.11280388, 0.        , 0.        , 0.46640506,
       0.        , 0.        , 0.        ]), array([1.82825584, 0.99439324, 1.2581201 , 0.15697223, 1.01026904,
       0.        , 0.        , 0.        ]), array([1.19145752, 1.08246702, 0.        , 0.        , 0.        ,
       0.        , 0.        , 0.        ]), array([1.57148145, 1.18606496, 0.        , 0.        , 0.        ,
       0.        , 0.        , 0.        ]), array([1.2384444 , 0.07371035, 0.        , 0.35881519, 0.        ,
       0.        , 0.        , 0.        ]), array([1.66017675, 0.6276324 , 0.        , 0.        , 0.29691413,
       0.        , 0.        , 0.        ]), array([1.55036376, 0.31661398, 0.        , 0.        , 0.86706964,
       0.        , 0.        , 0.        ]), array([1.42639246, 0.        , 0.        , 0.        , 0.35583626,
       0.        , 0.        , 0.        ]), array([2.15680308, 0.34933537, 0.        , 0.        , 0.05844621,
       0.        , 0.        , 0.        ]), array([0.05254969, 0.23162309, 0.        , 0.04966957, 0.        ,
       0.        , 0.        , 0.        ]), array([1.24946827, 0.38258336, 0.        , 0.        , 0.        ,
       0.        , 0.        , 0.        ]), array([1.50885633, 0.00255266, 0.        , 0.        , 0.54171804,
       0.        , 0.        , 0.        ]), array([1.03350621, 0.48638699, 0.        , 0.        , 0.        ,
       0.        , 0.        , 0.        ])]
